#r11	r12	r13	r21	r22	r23	r31	r32	r33	tx	ty	tz
0.997056	-0.04307	0.0634383	0.043157	0.999068	0	-0.0633792	0.0027378	0.997986	19.051	4.08901	549
0.973714	-0.127539	0.188717	0.130003	0.991513	-0.000685576	-0.187028	0.0252014	0.982031	28.0085	7.74322	549.3
0.953587	-0.167756	0.25006	0.174119	0.984719	-0.00337956	-0.245672	0.0467629	0.968224	36.7651	15.8478	550.117
0.907362	-0.201378	0.368974	0.219425	0.975603	-0.00713675	-0.358535	0.0874377	0.929412	45.2161	18.5826	550.058
0.835265	-0.26538	0.481566	0.308864	0.951035	-0.0116228	-0.454902	0.158447	0.876333	53.2606	24.4809	552.442
0.779011	-0.327144	0.534901	0.395398	0.918401	-0.0141528	-0.486624	0.222524	0.844796	70.2528	26.2473	555.411
0.682457	-0.362476	0.634715	0.480708	0.876732	-0.0161783	-0.550611	0.316154	0.772577	77.2023	29.7759	556.359
0.59339	-0.350814	0.724444	0.527821	0.849092	-0.0211617	-0.607696	0.394934	0.689009	84.3271	30.9273	561.766
0.538631	-0.352863	0.765091	0.570845	0.820726	-0.0233581	-0.619688	0.44933	0.643498	89.8518	31.7249	564.103
0.442903	-0.320452	0.837345	0.618601	0.785252	-0.0266846	-0.648976	0.529801	0.546023	99.9641	31.4897	571.31
0.372398	-0.326487	0.86875	0.694642	0.718825	-0.0276215	-0.615461	0.613756	0.494481	103.802	30.0373	579.94
0.266317	-0.281976	0.921718	0.770145	0.637273	-0.0275651	-0.579614	0.717198	0.386879	106.724	27.3636	583.076
0.204279	-0.262119	0.943167	0.836579	0.54707	-0.029155	-0.508336	0.794989	0.331038	109.076	25.6484	593.24
0.126004	-0.17866	0.975809	0.867778	0.496501	-0.0211503	-0.480712	0.849451	0.217598	110.337	20.914	603.866
0.0796753	-0.139783	0.986971	0.915864	0.401123	-0.0171249	-0.393503	0.905296	0.159981	110.641	15.1366	607.561
0.0466083	-0.0918383	0.994683	0.941736	0.336098	-0.0130957	-0.333108	0.937339	0.102152	108.727	8.35227	611.651
0.0184316	-0.0411775	0.998982	0.960376	0.278638	-0.00623396	-0.278097	0.959513	0.0446816	104.725	4.81245	620.288
-0.00397029	0.0118745	0.999922	0.985201	0.171395	0.00187646	-0.171359	0.985131	-0.0123792	101.829	-3.85335	629.432
-0.015474	0.0679794	0.997567	0.998736	0.048776	0.0121683	-0.0478301	0.996494	-0.0686482	97.6672	-14.2147	634.36
-0.0156577	0.125314	0.991994	0.997746	-0.062781	0.0236793	0.0652457	0.990129	-0.124049	87.3791	-25.4429	639.24
-0.00572649	0.237162	0.971453	0.981435	-0.184908	0.0509271	0.191708	0.95371	-0.2317	81.3158	-31.4515	649.338
0.0090432	0.344257	0.938832	0.96748	-0.240354	0.0788153	0.252784	0.907589	-0.335236	75.0777	-37.8129	659.747
0.0304591	0.394853	0.918239	0.949777	-0.297676	0.0964989	0.311441	0.869183	-0.384089	68.1677	-50.1566	676.377
0.0631717	0.490709	0.869031	0.929206	-0.346622	0.128178	0.364123	0.799411	-0.477866	59.8363	-57.0888	687.33
0.104698	0.577357	0.809751	0.906255	-0.390707	0.1614	0.409561	0.716943	-0.564139	51.8381	-70.395	704.844
0.187232	0.644465	0.741356	0.849853	-0.484762	0.206773	0.492639	0.59133	-0.638464	33.1471	-84.0582	717.033
0.245381	0.705496	0.664879	0.81282	-0.523494	0.255493	0.52831	0.477734	-0.701897	14.7599	-97.992	729.453
0.30708	0.75343	0.581416	0.785245	-0.545752	0.29248	0.537673	0.366739	-0.759217	5.85612	-104.62	741.162
0.358888	0.76307	0.537516	0.740829	-0.583185	0.333268	0.567778	0.278601	-0.774603	-3.13994	-112.118	747.074
0.464301	0.765106	0.446136	0.671301	-0.632593	0.386238	0.577736	0.120161	-0.807331	-13.1075	-126.324	753.031
0.527735	0.77363	0.350704	0.637293	-0.633588	0.438662	0.561563	-0.00799546	-0.827395	-22.9242	-141.05	760.006
0.627548	0.736538	0.252379	0.573959	-0.656669	0.489241	0.526074	-0.162167	-0.834834	-31.553	-147.759	778.002
0.680509	0.716736	0.152305	0.552027	-0.638165	0.536668	0.481845	-0.281131	-0.829934	-39.8494	-161.806	789.997
0.761816	0.645735	0.0515939	0.503687	-0.640547	0.579654	0.407352	-0.415603	-0.813227	-48.5023	-175.366	795.978
0.795914	0.603449	-0.0486805	0.499085	-0.608492	0.61697	0.342688	-0.515351	-0.78548	-56.546	-181.698	814.795
0.824685	0.557001	-0.0982113	0.476388	-0.590463	0.651466	0.304877	-0.584041	-0.752294	-70.6049	-194.007	826.602
0.84164	0.503426	-0.195458	0.486967	-0.551012	0.677679	0.233462	-0.665544	-0.708906	-83.6777	-205.559	833.342
0.858713	0.451208	-0.242947	0.475846	-0.526092	0.704839	0.190216	-0.72086	-0.666467	-94.9917	-216.274	844.878
0.870771	0.397514	-0.28938	0.473308	-0.518253	0.712315	0.133183	-0.757229	-0.639427	-104.407	-221.512	862.702
0.87933	0.288091	-0.379186	0.475935	-0.504477	0.720408	0.0162521	-0.813945	-0.580715	-111.65	-225.925	879.423
0.887548	0.183984	-0.422384	0.454241	-0.502605	0.735563	-0.07696	-0.844712	-0.529659	-114.298	-234.268	896.444
0.853696	0.127297	-0.504973	0.500304	-0.469647	0.727412	-0.144562	-0.873629	-0.464623	-115.86	-238.271	901.768
0.835438	0.0765473	-0.544228	0.517259	-0.444125	0.731571	-0.185705	-0.892689	-0.410634	-116.774	-241.046	912.617
0.785431	0.0270671	-0.618357	0.570666	-0.418506	0.706536	-0.239662	-0.907811	-0.344154	-115.802	-246.241	928.082
0.72687	-0.0165336	-0.686576	0.625134	-0.398021	0.671406	-0.284373	-0.917227	-0.278974	-114.497	-250.29	932.933
0.693541	-0.0557404	-0.718257	0.65041	-0.380274	0.65754	-0.309786	-0.923193	-0.227481	-111.66	-252.193	942.481
0.624002	-0.0866109	-0.776608	0.693502	-0.396612	0.601459	-0.360105	-0.913891	-0.187422	-107.778	-253.853	951.429
0.576572	-0.149607	-0.803233	0.695997	-0.425006	0.578756	-0.427964	-0.892742	-0.140921	-98.0169	-253.289	964.248
0.522662	-0.202933	-0.828035	0.681231	-0.484557	0.548752	-0.51259	-0.850895	-0.115015	-93.022	-252.479	968.301
0.477574	-0.218358	-0.851024	0.7079	-0.478077	0.519923	-0.520384	-0.850742	-0.0737412	-80.5414	-249.436	971.941
0.417922	-0.254128	-0.872216	0.704827	-0.515059	0.487785	-0.573202	-0.818617	-0.036138	-74.0119	-246.144	978.839
0.356475	-0.279142	-0.891631	0.698428	-0.554266	0.452756	-0.620584	-0.784136	-0.00262076	-58.6679	-240.707	988.877
0.283928	-0.250824	-0.925458	0.712422	-0.590802	0.378692	-0.641747	-0.766838	0.0109474	-49.9181	-234.992	997.688
0.215122	-0.214118	-0.952825	0.74205	-0.598453	0.302018	-0.634889	-0.772015	0.0301462	-40.6854	-228.109	1005.63
0.176755	-0.198305	-0.964071	0.736359	-0.623293	0.263214	-0.653095	-0.756427	0.0358531	-31.0837	-219.382	1007.56
0.108456	-0.155817	-0.981814	0.718538	-0.670227	0.18574	-0.686979	-0.725615	0.0392709	-21.2314	-210.295	1009.85
0.0792027	-0.129806	-0.988371	0.732375	-0.665058	0.146033	-0.67628	-0.735424	0.0423924	-11.25	-199.665	1015.1
0.0360826	-0.0680709	-0.997028	0.74686	-0.661054	0.0721617	-0.664001	-0.747244	0.0269869	7.85756	-188.191	1018.55
0.000989104	-0.00258017	-0.999996	0.690516	-0.723312	0.00254927	-0.723316	-0.690516	0.00106622	16.9293	-176.248	1021.42
-0.0170134	0.0682605	-0.997522	0.657409	-0.750929	-0.0625987	-0.753342	-0.656845	-0.0320992	26.5607	-163.504	1023.92
-0.025843	0.139531	-0.98988	0.639835	-0.758505	-0.123621	-0.768078	-0.636555	-0.0696749	44.4833	-149.996	1024.77
-0.0127773	0.211166	-0.977367	0.606961	-0.775133	-0.175407	-0.794629	-0.595465	-0.118265	53.2849	-135.917	1025.43
0.000317143	0.278981	-0.960297	0.591321	-0.774471	-0.2248	-0.806436	-0.567772	-0.165213	69.727	-121.514	1024.69
0.0387654	0.309212	-0.950203	0.562139	-0.792924	-0.235098	-0.826134	-0.525032	-0.204558	76.9707	-114.164	1023.64
0.0845226	0.332781	-0.939209	0.533718	-0.811083	-0.239352	-0.841428	-0.481042	-0.246166	90.4988	-106.279	1021.59
0.123748	0.385062	-0.914557	0.55872	-0.788704	-0.256473	-0.820072	-0.479243	-0.312742	102.26	-98.2395	1019.32
0.18313	0.393267	-0.901002	0.496542	-0.828006	-0.260483	-0.848475	-0.399683	-0.346906	112.284	-82.614	1016.47
0.245917	0.391312	-0.886792	0.431755	-0.863334	-0.26123	-0.86782	-0.318636	-0.38126	116.266	-67.0127	1015.23
0.327403	0.399327	-0.856356	0.407365	-0.877407	-0.253399	-0.852561	-0.265886	-0.449937	119.526	-52.3639	1012.83
0.412193	0.390178	-0.823321	0.380553	-0.894788	-0.233524	-0.827814	-0.21706	-0.517309	123.685	-45.1992	1008.37
0.477739	0.349418	-0.806023	0.344379	-0.918551	-0.194082	-0.808188	-0.184857	-0.55916	125.208	-30.3566	1002.06
0.518555	0.330956	-0.788396	0.326615	-0.928802	-0.17507	-0.790204	-0.166718	-0.589731	125.503	-15.9915	998.991
0.596175	0.28125	-0.75198	0.250833	-0.954996	-0.158319	-0.762665	-0.0942354	-0.639892	122.593	-2.21205	995.728
0.632185	0.250293	-0.733277	0.2283	-0.964545	-0.132406	-0.74042	-0.0837021	-0.666913	118.321	3.83274	989.36
0.67811	0.172407	-0.714452	0.14095	-0.984559	-0.103808	-0.721318	-0.0303089	-0.691941	114.721	9.48701	985.743
0.706239	0.132007	-0.695558	0.113631	-0.990861	-0.0726753	-0.698795	-0.0277106	-0.714785	106.429	20.9038	975.454
0.748193	0.0905294	-0.657276	0.085234	-0.995554	-0.040098	-0.657984	-0.0260213	-0.752582	95.2943	25.6623	964.19
0.78596	-0.00682796	-0.61824	0.0184946	-0.999232	0.0345477	-0.618001	-0.0385872	-0.78523	88.8401	30.7972	956.229
0.813359	-0.0598183	-0.578678	-0.0193963	-0.996935	0.0757915	-0.581438	-0.0504215	-0.812027	75.3174	39.0672	952.102
0.821313	-0.114327	-0.558904	-0.0295618	-0.986926	0.15844	-0.569711	-0.113607	-0.813955	67.3384	45.4198	947.763
0.836847	-0.172584	-0.519521	-0.0467347	-0.968064	0.246309	-0.545438	-0.181843	-0.818187	51.1099	48.0196	938.827
0.834986	-0.229845	-0.499969	-0.0602644	-0.941319	0.332095	-0.546961	-0.247164	-0.79984	32.8873	52.0299	924.634
0.81742	-0.345037	-0.461274	-0.168305	-0.908877	0.381595	-0.550906	-0.234289	-0.801006	14.7386	54.8232	915.153
0.781615	-0.458528	-0.422883	-0.242094	-0.847812	0.471811	-0.574864	-0.266398	-0.773669	5.7514	55.6017	899.926
0.727994	-0.567311	-0.384946	-0.336105	-0.784709	0.520831	-0.597543	-0.24978	-0.76194	-13.4364	55.7566	889.986
0.652444	-0.663406	-0.366346	-0.376868	-0.703425	0.60263	-0.657486	-0.255118	-0.708962	-33.4325	54.8832	884.616
0.563577	-0.749078	-0.348227	-0.399108	-0.615998	0.67916	-0.723252	-0.243779	-0.646126	-53.2617	53.792	879.119
0.465866	-0.827693	-0.312879	-0.408168	-0.51474	0.75395	-0.785091	-0.223532	-0.577638	-72.2523	50.1992	874.257
0.414594	-0.866379	-0.278386	-0.410109	-0.450975	0.792737	-0.812356	-0.214496	-0.542281	-81.3246	45.2812	869.359
0.359507	-0.900449	-0.244839	-0.358224	-0.375453	0.854816	-0.861644	-0.219605	-0.457541	-90.0766	39.495	851.975
0.238584	-0.947628	-0.212319	-0.363235	-0.289843	0.885466	-0.900632	-0.134136	-0.413364	-106.792	35.5059	834.379
0.110703	-0.974207	-0.196634	-0.297677	-0.221269	0.92867	-0.948227	-0.0442736	-0.314494	-122.263	31.505	817.564
-0.0202709	-0.98317	-0.181567	-0.217388	-0.172925	0.960645	-0.975875	0.0589437	-0.210224	-136.234	26.2666	806.615
-0.0862861	-0.982152	-0.16713	-0.11748	-0.156555	0.980657	-0.98932	0.104252	-0.101875	-148.532	21.2687	788.65
-0.217946	-0.965939	-0.139504	-0.0216862	-0.138112	0.990179	-0.97572	0.218831	0.00915345	-153.768	14.951	777.65
-0.282886	-0.950798	-0.126328	0.0816688	-0.155107	0.984516	-0.95567	0.268188	0.121528	-162.287	8.16863	771.654
-0.346799	-0.931009	-0.113812	0.12869	-0.167426	0.977449	-0.929069	0.324332	0.177875	-166.149	0.97678	760.685
-0.469577	-0.876984	-0.101961	0.210418	-0.223322	0.951762	-0.857451	0.425472	0.2894	-170.471	-13.1188	743.818
-0.528342	-0.844164	-0.0907808	0.294627	-0.28257	0.912879	-0.796272	0.455566	0.398007	-172.6	-26.7858	732.959
-0.638607	-0.766365	-0.069764	0.30776	-0.337438	0.889618	-0.705312	0.546645	0.451346	-172.512	-34.8464	728.016
-0.68954	-0.721763	-0.0599328	0.328686	-0.385601	0.862135	-0.645368	0.574778	0.503121	-171.132	-42.098	723.102
-0.781711	-0.62225	-0.0416352	0.349162	-0.492003	0.797508	-0.516734	0.608883	0.60187	-169.851	-49.4837	717.441
-0.859199	-0.510565	-0.033174	0.309726	-0.570637	0.760555	-0.407243	0.643193	0.648426	-164.214	-65.3044	707.045
-0.92083	-0.389137	-0.0254025	0.252947	-0.645596	0.720571	-0.296801	0.657098	0.692915	-160.874	-73.6222	691.382
-0.965375	-0.26022	-0.0183241	0.19044	-0.751023	0.632216	-0.178277	0.606837	0.774575	-156.556	-89.3197	686.642
-0.980991	-0.193686	-0.0119395	0.157503	-0.83065	0.534053	-0.113356	0.522021	0.845367	-144.119	-97.3759	676.335
-0.992013	-0.126138	-0.000560109	0.113799	-0.896866	0.427412	-0.0544154	0.423934	0.904057	-130.958	-112.49	671.727
-0.999934	0.010617	0.00443332	-0.00869004	-0.949464	0.313754	0.0075404	0.313695	0.949494	-116.258	-119.597	662.376
-0.989047	0.147339	0.00873095	-0.142842	-0.970397	0.194743	0.0371658	0.191363	0.980815	-107.819	-126.806	657.739
-0.97651	0.214883	0.0159306	-0.2109	-0.968323	0.133686	0.0441529	0.127186	0.990896	-89.8563	-133.417	644.513
-0.959323	0.281472	0.0217356	-0.279313	-0.957511	0.0718084	0.0410241	0.0628165	0.997182	-81.093	-139.71	631.809
-0.911489	0.410492	0.0261446	-0.410391	-0.911862	0.00935204	0.0276792	-0.00220521	0.999614	-71.9138	-145.6	623.674
-0.880969	0.472274	0.029158	-0.472265	-0.873789	-0.11601	-0.0293107	-0.115972	0.99282	-62.4301	-156.657	612.108
-0.846281	0.531893	0.0299663	-0.522644	-0.818037	-0.240121	-0.103205	-0.218872	0.97028	-52.7576	-161.745	605.008
-0.764947	0.643386	0.0301889	-0.620731	-0.723882	-0.301144	-0.171898	-0.249098	0.953101	-33.0645	-170.969	598.4
-0.668962	0.74273	0.029015	-0.682474	-0.598289	-0.419857	-0.294481	-0.30067	0.907126	-23.2872	-174.556	594.867
-0.560092	0.827966	0.0277309	-0.709384	-0.462049	-0.532245	-0.427867	-0.317778	0.846136	-4.31836	-181.07	586.504
-0.440398	0.897433	0.0257484	-0.734265	-0.343527	-0.58553	-0.516628	-0.276772	0.810242	13.9968	-187.08	583.338
-0.312166	0.949809	0.0203883	-0.736547	-0.228409	-0.636653	-0.600042	-0.213758	0.770881	22.8374	-191.926	576.608
-0.177803	0.983972	0.013633	-0.673159	-0.111511	-0.731042	-0.717804	-0.139159	0.682196	30.7626	-193.749	574.645
-0.0398887	0.999158	0.00955823	-0.581462	-0.0154318	-0.813427	-0.812595	-0.0380043	0.581588	45.679	-194.96	572.969
0.0989007	0.995097	1.35263e-05	-0.468384	0.0465637	-0.882297	-0.877972	0.0872534	0.470693	52.684	-195.181	568.809
0.167789	0.985808	-0.00545434	-0.406873	0.0642101	-0.911225	-0.897943	0.155113	0.411872	64.3832	-195.148	566.783
0.235873	0.971621	-0.0177811	-0.345091	0.0666422	-0.9362	-0.908447	0.22696	0.351017	69.7103	-194.491	565.021
0.302773	0.952542	-0.0314945	-0.223461	0.0388268	-0.973939	-0.926496	0.30192	0.224612	74.0908	-192.219	563.038
0.36822	0.928918	-0.0390433	-0.162684	0.0230276	-0.986409	-0.915395	0.369568	0.159599	79.0055	-187.468	562.64
0.493493	0.868464	-0.0472825	-0.0472319	-0.0275235	-0.998505	-0.868466	0.494988	0.0274366	80.3728	-184.982	562.842
0.55222	0.83115	-0.065134	0.0521866	-0.112435	-0.992288	-0.832063	0.544562	-0.105464	80.8939	-178.851	563.052
0.60837	0.790126	-0.074742	0.0912919	-0.163218	-0.982357	-0.788385	0.590813	-0.171429	81.044	-175.226	564.451
0.660788	0.744497	-0.0953125	0.116209	-0.226935	-0.966952	-0.741522	0.627874	-0.236473	77.1457	-166.158	566.495
0.757063	0.644641	-0.106269	0.161782	-0.342558	-0.925462	-0.632994	0.683441	-0.36363	71.0964	-161.494	569.46
0.799112	0.589509	-0.117896	0.206605	-0.453457	-0.867001	-0.564566	0.668473	-0.484158	67.0336	-156.357	570.181
0.835553	0.530617	-0.142464	0.191607	-0.524456	-0.829598	-0.514915	0.665876	-0.539881	61.9825	-150.784	572.05
0.866953	0.469115	-0.168296	0.19911	-0.635571	-0.745925	-0.456889	0.613173	-0.644416	56.0057	-138.497	574.202
0.921543	0.34306	-0.181844	0.149072	-0.745056	-0.65013	-0.358518	0.572015	-0.737742	43.0987	-131.946	579.06
0.940611	0.27717	-0.196028	0.109861	-0.794874	-0.596746	-0.321218	0.53977	-0.778118	28.5678	-125.204	583.866
0.954649	0.210221	-0.210839	0.0849746	-0.871066	-0.483759	-0.28535	0.443904	-0.849426	20.2967	-118.321	592.248
0.967483	0.0747675	-0.241633	-0.0352316	-0.906164	-0.421456	-0.25047	0.416265	-0.874064	2.61009	-111.343	601.49
0.961849	0.00704274	-0.273492	-0.0948321	-0.929108	-0.357442	-0.256621	0.369741	-0.892993	-15.6603	-97.0206	608.431
0.948679	-0.126217	-0.28996	-0.197265	-0.952833	-0.230643	-0.247173	0.276006	-0.928831	-34.9699	-89.6044	615.853
0.911345	-0.254023	-0.323916	-0.299948	-0.94871	-0.0999071	-0.281924	0.188208	-0.940796	-44.854	-74.6375	623.6
0.855571	-0.373254	-0.358719	-0.389133	-0.920696	0.0298906	-0.341428	0.114016	-0.932967	-54.8454	-67.1385	631.926
0.814669	-0.425287	-0.394265	-0.396943	-0.904568	0.155541	-0.422789	0.0297859	-0.905739	-74.9466	-52.914	645.11
0.734318	-0.524879	-0.430441	-0.481986	-0.849681	0.213846	-0.477981	0.0504353	-0.876921	-94.8921	-45.5401	649.846
0.640903	-0.609132	-0.46712	-0.553632	-0.788327	0.26839	-0.531728	0.0866006	-0.842476	-114.045	-39.1607	664.132
0.583042	-0.637088	-0.504164	-0.518083	-0.769561	0.373318	-0.625821	0.0435387	-0.77875	-132.944	-33.0291	679.302
0.523075	-0.658223	-0.541419	-0.466145	-0.752766	0.464815	-0.713514	0.00924686	-0.70058	-141.65	-20.3741	684.405
0.413866	-0.702707	-0.57872	-0.504249	-0.706244	0.496944	-0.757924	0.0861509	-0.64663	-149.758	-7.33421	689.659
0.307176	-0.740729	-0.597465	-0.539816	-0.652664	0.531627	-0.783736	0.159218	-0.60034	-157.166	-2.14442	700.443
0.197893	-0.762156	-0.616406	-0.510805	-0.616892	0.598767	-0.83661	0.196372	-0.511392	-170.402	2.67339	705.961
0.138783	-0.743464	-0.654218	-0.427237	-0.640922	0.637721	-0.893425	0.191002	-0.406584	-181.893	8.07355	717.976
0.0329709	-0.721714	-0.691406	-0.449356	-0.628624	0.634752	-0.892744	0.289759	-0.345033	-186.696	17.0238	724.522
-0.0637894	-0.682883	-0.727737	-0.412683	-0.645901	0.642265	-0.908638	0.341294	-0.240613	-191.482	21.4857	730.329
-0.104576	-0.637919	-0.76297	-0.399269	-0.675705	0.619683	-0.91085	0.369434	-0.184039	-194.234	28.5383	747.956
-0.14369	-0.608809	-0.780196	-0.3863	-0.691326	0.610607	-0.911112	0.389127	-0.135846	-195.903	35.3383	753.885
-0.178977	-0.576524	-0.797237	-0.311296	-0.735507	0.601768	-0.933307	0.35588	-0.0478304	-197.033	37.4949	771.788
-0.247048	-0.525652	-0.814038	-0.291079	-0.761023	0.579757	-0.924251	0.380177	0.0350026	-197.434	39.1609	783.771
-0.271144	-0.486506	-0.830538	-0.287576	-0.782506	0.552254	-0.918575	0.388583	0.0722645	-194.135	40.8013	801.77
-0.29049	-0.445819	-0.846676	-0.286623	-0.803663	0.521509	-0.912942	0.39417	0.105674	-188.669	42.4943	807.764
-0.304941	-0.404095	-0.862391	-0.287989	-0.824001	0.487939	-0.907785	0.397151	0.134897	-181.866	43.0626	820.69
-0.296475	-0.341218	-0.892005	-0.300266	-0.853331	0.426223	-0.906611	0.394203	0.150535	-177.756	42.7255	839.457
-0.278917	-0.279606	-0.918709	-0.313508	-0.877746	0.362319	-0.907699	0.389079	0.15716	-166.296	41.0454	845.342
-0.275074	-0.240235	-0.930925	-0.255119	-0.915327	0.311594	-0.926957	0.323208	0.190494	-159.693	38.2552	857.862
-0.27971	-0.183492	-0.942387	-0.260317	-0.930302	0.258404	-0.92412	0.317598	0.212449	-145.261	36.1862	875.079
-0.244721	-0.116244	-0.9626	-0.336694	-0.920819	0.196796	-0.909257	0.372262	0.186205	-137.165	31.2368	892.782
-0.221522	-0.0871908	-0.97125	-0.277756	-0.949096	0.148553	-0.934762	0.302678	0.186028	-119.771	24.7642	903.853
-0.194802	-0.0616686	-0.978902	-0.215968	-0.970831	0.104138	-0.956771	0.231698	0.175801	-101.39	17.7799	915.307
-0.164959	-0.0400709	-0.985486	-0.218742	-0.972805	0.0761701	-0.961738	0.228132	0.151708	-82.1146	14.1541	920.584
-0.0983118	-0.0100541	-0.995105	-0.221161	-0.974722	0.0316978	-0.970269	0.223195	0.0936031	-62.4482	4.53485	936.427
-0.0261771	-0.000885683	-0.999657	-0.22144	-0.975151	0.00666262	-0.974823	0.221539	0.0253305	-42.1252	-0.737078	941.763
0.0475162	-0.0048709	-0.998859	-0.218967	-0.975716	-0.00565831	-0.974575	0.218986	-0.0474289	-31.6458	-5.52869	946.829
0.0840302	-0.0144273	-0.996359	-0.217697	-0.976007	-0.00422733	-0.972392	0.217259	-0.0851549	-21.1665	-16.7446	960.642
0.153534	-0.0484329	-0.986956	-0.282491	-0.959265	0.00312873	-0.946903	0.278326	-0.160962	-1.15859	-22.1899	973.94
0.214264	-0.101103	-0.971529	-0.347537	-0.937433	0.0209084	-0.912858	0.333162	-0.235995	18.2418	-28.917	982.313
0.262103	-0.170215	-0.94991	-0.413228	-0.909313	0.0489212	-0.872092	0.379707	-0.308671	27.0942	-35.8969	986.17
0.280159	-0.210069	-0.936687	-0.356491	-0.928751	0.101665	-0.891305	0.305438	-0.335086	35.3764	-49.2826	989.918
0.321933	-0.277095	-0.905305	-0.305406	-0.935489	0.177729	-0.896151	0.219269	-0.385791	51.5474	-63.008	996.937
0.328814	-0.323894	-0.887116	-0.251063	-0.935526	0.248511	-0.910411	0.141008	-0.388932	65.234	-69.5442	1006.72
0.304905	-0.393803	-0.867152	-0.319996	-0.899935	0.296175	-0.897015	0.18718	-0.40041	78.2172	-84.5314	1009.23
0.285354	-0.492631	-0.822124	-0.39199	-0.842752	0.368934	-0.874595	0.216988	-0.433589	88.3531	-92.0248	1014.72
0.230409	-0.558213	-0.797063	-0.389644	-0.803495	0.450082	-0.891678	0.206868	-0.402637	93.4163	-106.22	1016.53
0.162841	-0.616668	-0.770197	-0.43921	-0.744314	0.503082	-0.883503	0.256356	-0.392052	96.4597	-113.557	1017.99
0.133876	-0.68989	-0.711427	-0.437415	-0.685311	0.582252	-0.889239	0.233239	-0.393515	99.3336	-120.74	1021.03
0.0916896	-0.727859	-0.679569	-0.425454	-0.645653	0.63413	-0.900323	0.230982	-0.368871	101.072	-134.695	1025.91
-0.00543187	-0.763349	-0.645964	-0.447656	-0.575775	0.684169	-0.894189	0.292886	-0.33859	101.603	-148.145	1029.92
-0.109913	-0.784247	-0.610636	-0.457054	-0.505671	0.731709	-0.882621	0.359518	-0.302864	100.943	-154.437	1030.97
-0.166872	-0.801947	-0.573615	-0.36335	-0.490811	0.791885	-0.916587	0.340566	-0.209485	99.0958	-166.598	1030.74
-0.226101	-0.814074	-0.534942	-0.324301	-0.454928	0.829379	-0.918536	0.361005	-0.161145	92.0985	-178.103	1031.19
-0.348845	-0.820264	-0.453292	-0.291105	-0.364912	0.884363	-0.890823	0.440461	-0.111485	87.5827	-183.611	1031.64
-0.410987	-0.814014	-0.410452	-0.178586	-0.369622	0.911859	-0.893978	0.448063	0.00653879	76.883	-188.776	1031.34
-0.523959	-0.768997	-0.366211	-0.0894618	-0.37789	0.921518	-0.847032	0.5156	0.129203	64.1405	-193.558	1028.99
-0.640079	-0.717663	-0.274332	0.0238211	-0.375425	0.926546	-0.767939	0.586528	0.257398	56.9617	-197.341	1026.53
-0.74446	-0.643256	-0.178889	0.0881552	-0.360286	0.928667	-0.661822	0.675585	0.324925	49.0484	-203.804	1023.39
-0.832055	-0.548786	-0.0807415	0.153354	-0.367472	0.917304	-0.533074	0.750865	0.389915	40.506	-207.223	1022.05
-0.898587	-0.438376	0.0191762	0.237317	-0.448768	0.861562	-0.369082	0.778739	0.507291	31.4398	-211.351	1017.93
-0.945336	-0.318582	0.069609	0.248306	-0.564861	0.786941	-0.211386	0.761208	0.613089	12.0109	-214.263	1011.39
-0.959158	-0.255996	0.120341	0.258198	-0.618555	0.742108	-0.115539	0.74287	0.659389	2.23763	-215.102	1006.26
-0.96622	-0.192613	0.171227	0.25708	-0.673633	0.692912	-0.0181197	0.713525	0.700395	-17.6579	-215.534	1000.65
-0.966421	-0.129205	0.222119	0.244479	-0.728479	0.63996	0.0791229	0.672774	0.735605	-27.6575	-214.715	997.322
-0.944183	-0.0654714	0.322849	0.250459	-0.779286	0.574442	0.213982	0.623239	0.752186	-47.5138	-214.683	994.314
-0.905608	0.0523404	0.420873	0.160765	-0.875935	0.454855	0.392465	0.479582	0.784839	-57.248	-213.037	987.377
-0.842684	0.157092	0.514981	0.0616437	-0.922048	0.382136	0.534867	0.353766	0.767311	-67.6147	-209.496	980.039
-0.788701	0.25306	0.560278	-0.11236	-0.955336	0.273327	0.604422	0.15262	0.781908	-77.5842	-207.571	968.569
-0.722126	0.336663	0.604312	-0.298385	-0.939728	0.166966	0.6241	-0.059747	0.779057	-94.4823	-201.616	964.469
-0.669607	0.364885	0.646905	-0.388956	-0.914288	0.113095	0.632724	-0.175888	0.754137	-103.285	-198.449	951.872
-0.589085	0.424024	0.687883	-0.533535	-0.843429	0.0630001	0.606894	-0.329897	0.723082	-111.333	-193.983	943.135
-0.47277	0.439047	0.76402	-0.700381	-0.713384	-0.0234427	0.534747	-0.546188	0.644767	-124.757	-184.683	938.529
-0.386693	0.46073	0.798872	-0.812382	-0.580171	-0.0586337	0.436468	-0.671662	0.598636	-130.998	-174.375	934.012
-0.301946	0.466372	0.83146	-0.917689	-0.378426	-0.120999	0.258215	-0.799557	0.542249	-135.355	-163.128	919.111
-0.24908	0.442234	0.86162	-0.962519	-0.211619	-0.169633	0.107317	-0.871577	0.478368	-142.802	-150.744	909.315
-0.177166	0.365324	0.913866	-0.983223	-0.0247358	-0.180723	-0.0434173	-0.930552	0.363577	-145.068	-137.699	904.037
-0.113556	0.275974	0.954433	-0.972343	0.16647	-0.163821	-0.204095	-0.946639	0.249438	-146.845	-124.082	893.837
-0.0493635	0.179448	0.982528	-0.928754	0.353612	-0.111245	-0.367396	-0.918018	0.149208	-146.973	-109.889	877.227
-0.0265093	0.125781	0.991704	-0.88023	0.467269	-0.0827948	-0.473806	-0.875122	0.0983295	-145.271	-102.653	872.352
-0.0102913	0.0693988	0.997536	-0.818581	0.57236	-0.0482643	-0.574299	-0.817061	0.0509182	-140.988	-95.2783	861.703
0.0012781	-0.0478707	0.998853	-0.703553	0.709784	0.0349172	-0.710642	-0.70279	-0.0327724	-134.714	-80.3526	844.243
-0.00998711	-0.106664	0.994245	-0.518234	0.850896	0.0860793	-0.85518	-0.514392	-0.0637747	-130.496	-72.2884	833.396
-0.0343211	-0.222347	0.974363	-0.36425	0.910662	0.19498	-0.930669	-0.34822	-0.112245	-119.956	-64.1416	816.544
-0.0597709	-0.276767	0.959076	-0.25744	0.932566	0.253072	-0.964444	-0.231778	-0.126991	-113.823	-55.9746	811.554
-0.106615	-0.382257	0.917885	-0.156065	0.918138	0.364235	-0.981976	-0.104417	-0.157544	-106.852	-41.3826	806.556
-0.146894	-0.427389	0.892054	-0.0536746	0.903953	0.424251	-0.987695	0.0144391	-0.155725	-99.1284	-27.1305	795.556
-0.192168	-0.467689	0.86275	0.0988933	0.865432	0.49117	-0.976367	0.179707	-0.120057	-82.3684	-12.3762	777.582
-0.270786	-0.487568	0.830032	0.287643	0.781871	0.553118	-0.91866	0.388529	-0.071474	-73.435	-5.73684	772.593
-0.325642	-0.513384	0.793974	0.362278	0.707907	0.606319	-0.873334	0.485082	-0.0445369	-64.0584	1.58457	761.689
-0.382983	-0.532727	0.754669	0.469606	0.591235	0.655676	-0.795483	0.60551	0.0237389	-53.5262	8.55273	744.064
-0.441973	-0.545335	0.712229	0.516831	0.494147	0.699074	-0.733175	0.677074	0.0634457	-33.7021	20.6805	726.643
-0.528931	-0.580898	0.6187	0.554026	0.315897	0.770236	-0.642874	0.750178	0.154745	-23.7045	30.9455	720.919
-0.612472	-0.599788	0.51491	0.561085	0.128988	0.817647	-0.556832	0.789694	0.25753	-13.7445	35.6049	710.424
-0.701099	-0.545209	0.459573	0.577873	-0.0568348	0.814145	-0.41776	0.836371	0.354909	-2.94952	43.9132	704.908
-0.753462	-0.520182	0.402125	0.550053	-0.163652	0.818938	-0.360189	0.838229	0.409433	7.56816	47.5331	689.349
-0.828275	-0.443239	0.342782	0.508526	-0.337745	0.792041	-0.23529	0.830342	0.505144	17.6756	51.3047	679.377
-0.90635	-0.36098	0.219598	0.389831	-0.513937	0.764134	-0.162977	0.778179	0.606527	35.853	54.4026	664.073
-0.944202	-0.316182	0.0922567	0.284378	-0.641286	0.712657	-0.166167	0.699128	0.695419	51.8345	56.7998	654.553
-0.977258	-0.210246	0.0276136	0.178675	-0.746297	0.641183	-0.114198	0.631535	0.766891	59.1094	58.4753	650.052
-0.987075	-0.155832	-0.0374024	0.102254	-0.792124	0.601734	-0.123397	0.590132	0.79782	72.8409	59.7789	645.641
-0.989608	-0.100832	-0.10251	0.0265685	-0.828868	0.558813	-0.141313	0.550283	0.822933	84.0084	59.8342	636.897
-0.985854	0.00785953	-0.167421	-0.0869982	-0.877791	0.471079	-0.143258	0.47898	0.866057	93.2673	58.6817	628.537
-0.970857	0.0606976	-0.231845	-0.156743	-0.892626	0.422672	-0.181296	0.446694	0.876126	97.4003	57.3807	620.657
-0.941448	0.162365	-0.295488	-0.270199	-0.887537	0.37319	-0.201663	0.43118	0.879441	99.9623	53.7233	609.531
-0.897714	0.256724	-0.358054	-0.377161	-0.867862	0.323364	-0.227726	0.425332	0.875918	101.437	51.2955	606.062
-0.858259	0.296012	-0.419248	-0.416784	-0.878685	0.232816	-0.299471	0.374552	0.877512	102.339	45.2753	602.418
-0.813536	0.330046	-0.478778	-0.461118	-0.867769	0.185332	-0.354301	0.371547	0.858151	100.856	38.1325	595.981
-0.730036	0.342247	-0.591536	-0.485766	-0.868702	0.096893	-0.480707	0.358083	0.800435	97.1699	29.2655	593.283
-0.654532	0.395677	-0.644226	-0.557127	-0.828454	0.057212	-0.511075	0.396363	0.762692	94.2485	20.0334	590.184
-0.535235	0.4056	-0.740954	-0.621304	-0.783314	0.0200173	-0.57228	0.471072	0.671258	86.3209	14.1227	588.035
-0.413022	0.386775	-0.824511	-0.674607	-0.73813	-0.00832411	-0.611816	0.552782	0.565785	75.963	7.70615	583.495
-0.352937	0.366568	-0.86085	-0.65538	-0.753496	-0.0521579	-0.667767	0.545776	0.506178	64.1834	0.835884	581.054
-0.294636	0.339329	-0.893334	-0.631194	-0.770989	-0.0846785	-0.717485	0.538918	0.441343	50.0331	-6.43228	577.57
-0.222991	0.31717	-0.92178	-0.6431	-0.758493	-0.105411	-0.732597	0.569291	0.373109	34.2402	-19.6592	575.583
-0.137998	0.219146	-0.965884	-0.610632	-0.786642	-0.0912362	-0.779799	0.577209	0.242372	26.0304	-27.544	573.913
-0.0612556	0.109127	-0.992139	-0.612639	-0.788846	-0.0489412	-0.787985	0.604825	0.115177	8.44584	-35.6431	572.719
0.00503186	-0.0101221	-0.999936	-0.585285	-0.810811	0.00526237	-0.810812	0.585221	-0.0100042	-0.820478	-43.8916	572.424
0.0318969	-0.0730873	-0.996815	-0.560146	-0.827291	0.0427337	-0.82778	0.556999	-0.0673275	-21.0447	-58.7052	572.032
0.0762956	-0.201475	-0.976518	-0.571984	-0.811044	0.122645	-0.816709	0.549195	-0.17712	-40.7789	-67.0555	573.034
0.073499	-0.272293	-0.959403	-0.621062	-0.765193	0.169594	-0.780308	0.583384	-0.225352	-61.7516	-82.8581	575.432
0.0679175	-0.405494	-0.911571	-0.66919	-0.696186	0.259826	-0.739981	0.592367	-0.318636	-82.7073	-97.7944	578.719
0.0366855	-0.531374	-0.846343	-0.682383	-0.632046	0.36725	-0.730074	0.564057	-0.385787	-93.5285	-105.179	582.886
-0.0176633	-0.643921	-0.764888	-0.685512	-0.549096	0.478087	-0.727847	0.532785	-0.431717	-104.061	-112.958	587.924
-0.0522962	-0.693542	-0.718515	-0.654153	-0.519853	0.549397	-0.754552	0.49875	-0.426496	-123.413	-120.443	591.853
-0.133532	-0.776703	-0.61555	-0.632657	-0.411279	0.656197	-0.762833	0.477055	-0.436467	-132.975	-134.408	598.591
-0.216745	-0.80003	-0.55944	-0.629934	-0.323176	0.706216	-0.745791	0.505479	-0.433919	-149.316	-147.507	603.633
-0.303498	-0.810749	-0.500575	-0.588269	-0.253839	0.767793	-0.749552	0.527496	-0.399899	-156.796	-159.953	605.855
-0.364851	-0.851867	-0.375774	-0.50258	-0.159556	0.849679	-0.783771	0.498863	-0.369917	-170.723	-171.659	614.528
-0.462338	-0.852585	-0.243604	-0.431146	-0.0239116	0.901965	-0.774827	0.522041	-0.356534	-176.976	-177.101	620.748
-0.513472	-0.851457	-0.106616	-0.313107	0.0702253	0.947118	-0.798943	0.519701	-0.302656	-186.771	-186.776	627.853
-0.554467	-0.831569	0.0325299	-0.209647	0.177401	0.961549	-0.805366	0.526328	-0.272699	-194.753	-191.287	635.432
-0.582947	-0.794285	0.171124	-0.0965184	0.276816	0.956063	-0.806757	0.540818	-0.238032	-200.464	-195.283	639.45
-0.629476	-0.714033	0.30646	0.0646441	0.344913	0.936406	-0.774326	0.609256	-0.170956	-204.014	-198.099	652.152
-0.652624	-0.619745	0.435888	0.232532	0.383702	0.893701	-0.721117	0.684609	-0.106303	-204.496	-203.875	656.69
-0.650217	-0.516827	0.556873	0.379613	0.41391	0.827389	-0.658112	0.749379	-0.0729372	-203.621	-207.67	670.605
-0.602886	-0.437702	0.667042	0.522974	0.414592	0.744722	-0.602517	0.797829	-0.0210447	-202.079	-209.369	680.251
-0.597022	-0.359055	0.717387	0.630033	0.343722	0.696358	-0.496612	0.867718	0.021007	-199.45	-211.541	690.627
-0.529851	-0.259664	0.807362	0.760589	0.275652	0.58781	-0.375184	0.925522	0.0514432	-191.447	-211.037	696.258
-0.439923	-0.170948	0.881614	0.857946	0.210041	0.468841	-0.265323	0.962632	0.0542619	-186.757	-209.724	712.164
-0.387462	-0.132055	0.912379	0.900664	0.15691	0.405197	-0.196669	0.978745	0.0581404	-181.116	-207.157	723.036
-0.267113	-0.0787488	0.960442	0.958654	0.079792	0.273158	-0.0981464	0.993696	0.0541794	-167.197	-204.352	734.862
-0.138	-0.0345451	0.98983	0.9901	0.0210724	0.138773	-0.025652	0.999181	0.0312951	-151.624	-200.331	752.63
-0.00327826	-0.000679066	0.999994	0.999075	-0.0428875	0.00324612	0.0428851	0.99908	0.000819034	-134.592	-197.726	764.138
0.134518	0.0166222	0.990772	0.97621	-0.173812	-0.129625	0.170054	0.984639	-0.0396076	-117.306	-194.545	781.635
0.203935	0.00865038	0.978946	0.941589	-0.275468	-0.193718	0.267993	0.961271	-0.0643226	-107.158	-187.074	794.356
0.33787	0.000843976	0.941193	0.879288	-0.356961	-0.315327	0.335703	0.934119	-0.121348	-96.6267	-177.812	812.187
0.463622	-0.0355483	0.88532	0.787341	-0.441759	-0.43005	0.406385	0.896429	-0.17682	-77.0008	-167.643	831.103
0.57912	-0.0672759	0.812462	0.693227	-0.483813	-0.534192	0.429018	0.872582	-0.233548	-66.1032	-161.871	850.088
0.676892	-0.132379	0.724081	0.564238	-0.53841	-0.6259	0.472708	0.83222	-0.289752	-46.1113	-150.555	857.087
0.718473	-0.169351	0.674624	0.478994	-0.582807	-0.65643	0.504343	0.794768	-0.337613	-25.493	-144.507	870.056
0.785486	-0.249371	0.566415	0.331265	-0.603663	-0.725159	0.522757	0.757235	-0.39156	-6.11846	-131.517	882.954
0.841564	-0.302417	0.447565	0.190477	-0.609208	-0.769795	0.505459	0.733082	-0.455084	3.87751	-118.043	889.822
0.85638	-0.344195	0.384894	0.0987346	-0.622505	-0.776362	0.506819	0.702863	-0.499117	13.3228	-111.136	895.687
0.868353	-0.425613	0.25459	-0.0546171	-0.592287	-0.803874	0.49293	0.684141	-0.53756	21.6651	-96.9786	908.14
0.874999	-0.469092	0.119706	-0.182764	-0.549034	-0.815573	0.448302	0.691747	-0.566137	29.6629	-82.3274	914.659
0.843958	-0.533942	0.0513831	-0.276918	-0.515725	-0.810768	0.459402	0.670025	-0.583109	36.5847	-67.8725	931.487
0.804794	-0.59331	-0.0170477	-0.365157	-0.472264	-0.802264	0.46794	0.651882	-0.596726	42.7375	-53.4143	948.653
0.758422	-0.646164	-0.0852585	-0.453693	-0.429485	-0.780836	0.467931	0.630884	-0.618891	53.0085	-46.5442	965.36
0.720113	-0.658095	-0.219884	-0.55245	-0.352067	-0.755545	0.419806	0.665552	-0.617092	61.1921	-32.3651	971.107
0.684777	-0.670427	-0.285673	-0.611936	-0.316112	-0.724988	0.395746	0.671268	-0.626724	64.0419	-18.4651	976.182
0.623317	-0.699273	-0.349989	-0.669788	-0.246452	-0.700461	0.403558	0.671028	-0.621983	65.703	-4.06562	981.428
0.582977	-0.699962	-0.412543	-0.712595	-0.196566	-0.673476	0.390316	0.686597	-0.613383	67.6566	9.01107	995.859
0.541085	-0.695304	-0.473053	-0.755228	-0.154304	-0.637041	0.369943	0.701956	-0.608605	66.8982	21.5501	1000.4
0.498143	-0.68529	-0.531255	-0.788716	-0.103557	-0.605973	0.360252	0.72087	-0.592085	64.9396	27.0167	1009.07
0.45464	-0.669965	-0.586898	-0.817765	-0.0528795	-0.573117	0.352934	0.740507	-0.571915	61.8072	38.2489	1021.39
0.387247	-0.611813	-0.689728	-0.861248	0.026967	-0.507468	0.329076	0.790542	-0.51648	54.1451	49.7158	1025.29
0.343597	-0.582695	-0.736483	-0.88264	0.0674869	-0.465179	0.320761	0.809884	-0.491122	48.803	60.3381	1032.38
0.301048	-0.54885	-0.779829	-0.897219	0.114019	-0.426613	0.323061	0.828108	-0.458113	38.03	69.1042	1038.89
0.244214	-0.51828	-0.819601	-0.902871	0.186852	-0.387183	0.353813	0.834549	-0.422308	24.4655	77.8222	1048.42
0.191888	-0.48066	-0.855655	-0.901717	0.257812	-0.347043	0.387407	0.838152	-0.383949	16.3547	85.494	1051.34
0.1448	-0.436723	-0.887866	-0.896941	0.32093	-0.304139	0.417767	0.840403	-0.345244	0.661272	88.7801	1056.64
0.0878225	-0.328382	-0.940453	-0.890636	0.396966	-0.22178	0.446156	0.857079	-0.257606	-17.2838	91.4936	1060.72
0.0639492	-0.270275	-0.960657	-0.886414	0.426843	-0.179097	0.458455	0.862992	-0.21228	-35.3238	93.6158	1062.82
0.0304681	-0.147451	-0.9886	-0.879553	0.465892	-0.0965955	0.474824	0.87247	-0.115496	-45.6539	95.1318	1067.46
0.0126577	-0.0852032	-0.996283	-0.856415	0.513373	-0.0547849	0.516133	0.853925	-0.0664712	-55.4037	96.0312	1068.99
-0.00395321	0.0428272	-0.999075	-0.828448	0.559403	0.0272579	0.560053	0.827789	0.0332686	-66.0849	96.3701	1072.71
-0.0110601	0.170556	-0.985286	-0.813595	0.571308	0.108028	0.581327	0.802819	0.132444	-86.0849	95.6734	1073.64
-0.00885344	0.233502	-0.972316	-0.799463	0.582415	0.147147	0.60065	0.778633	0.18152	-96.5823	94.7027	1075.58
0.00531939	0.355487	-0.934666	-0.768965	0.598974	0.223435	0.639269	0.717537	0.276543	-106.341	91.5299	1075.93
0.0169594	0.413798	-0.910211	-0.753909	0.603254	0.260203	0.65676	0.681803	0.322197	-115.797	87.4283	1075.03
0.043299	0.468841	-0.882221	-0.7229	0.62422	0.296252	0.689595	0.62493	0.365953	-124.834	82.2653	1074.77
0.0745412	0.520075	-0.850861	-0.691579	0.641673	0.331625	0.718444	0.563718	0.407504	-133.431	76.0733	1073.12
0.110081	0.567029	-0.816309	-0.66027	0.655608	0.366363	0.742917	0.498655	0.446562	-141.302	68.2782	1070.57
0.149285	0.60931	-0.778752	-0.629283	0.666041	0.40049	0.762704	0.430268	0.482859	-148.44	64.5672	1066.21
0.191497	0.646618	-0.738386	-0.598923	0.672991	0.434022	0.777573	0.359122	0.51615	-154.478	54.7542	1063.88
0.220115	0.684067	-0.695415	-0.588325	0.661743	0.464726	0.778089	0.306837	0.548113	-165.317	44.0309	1061.32
0.279139	0.747923	-0.602239	-0.574749	0.632553	0.519173	0.769249	0.201215	0.606438	-174.225	32.4717	1058.54
0.32087	0.804021	-0.500592	-0.576688	0.585122	0.570143	0.751314	0.105744	0.651418	-177.047	27.2736	1056.24
0.359738	0.846653	-0.392131	-0.587114	0.532036	0.61011	0.72518	0.0107461	0.688475	-181.083	20.7812	1048.54
0.394604	0.875606	-0.278573	-0.596889	0.474767	0.646776	0.698578	-0.0889436	0.709984	-183.643	13.9987	1039.49
0.424426	0.890913	-0.161666	-0.61053	0.413433	0.67552	0.668667	-0.188006	0.719401	-183.127	6.97336	1036.39
0.466713	0.883355	-0.0431565	-0.620446	0.361801	0.695806	0.630258	-0.297965	0.716932	-181.252	0.731107	1026.35
0.501213	0.862047	0.0752348	-0.641535	0.311836	0.70085	0.580705	-0.399541	0.70933	-177.18	-13.0529	1015.28
0.515024	0.846674	0.133768	-0.645864	0.280702	0.709976	0.563569	-0.45205	0.691405	-174.071	-20.5094	1007.44
0.519349	0.817629	0.248515	-0.673662	0.212787	0.707743	0.525791	-0.534981	0.661317	-164.785	-35.505	995.19
0.525882	0.794244	0.304342	-0.686541	0.185144	0.703124	0.502105	-0.578704	0.642645	-154.53	-42.9919	982.391
0.54376	0.758684	0.358781	-0.69721	0.170414	0.696316	0.467143	-0.628775	0.621627	-142.435	-49.7475	968.963
0.544179	0.731028	0.411664	-0.712137	0.143073	0.687307	0.443542	-0.667179	0.59845	-135.542	-64.3672	964.293
0.524782	0.679656	0.512515	-0.745502	0.0763352	0.662117	0.410889	-0.729548	0.546744	-126.993	-71.512	959.749
0.528446	0.637909	0.560194	-0.75553	0.0524253	0.653013	0.387195	-0.768325	0.509663	-118.672	-85.0225	944.68
0.527757	0.595425	0.605757	-0.772151	0.0391628	0.634231	0.353914	-0.802456	0.480426	-109.788	-91.6899	929.139
0.522812	0.552578	0.649096	-0.789438	0.0265409	0.613256	0.321644	-0.833039	0.450102	-91.1113	-98.0483	913.162
0.478221	0.489715	0.72903	-0.82482	-0.0346495	0.564332	0.301622	-0.871194	0.387356	-80.8632	-104.054	897.446
0.426155	0.423209	0.799554	-0.862109	-0.0778552	0.500706	0.274152	-0.902681	0.331674	-70.5022	-115.274	891.871
0.367358	0.35411	0.860032	-0.890822	-0.131856	0.4348	0.267367	-0.925862	0.267011	-60.5075	-120.451	874.835
0.302664	0.283436	0.909977	-0.914731	-0.18178	0.360865	0.267698	-0.941605	0.204249	-40.5693	-125.158	857.53
0.235924	0.208869	0.949059	-0.940559	-0.196455	0.277046	0.244314	-0.958008	0.150105	-30.6418	-129.363	846.74
0.161235	0.138901	0.977093	-0.952609	-0.236868	0.190867	0.257954	-0.961561	0.0941269	-11.558	-137.308	834.931
0.0844475	0.0689894	0.994037	-0.960466	-0.259957	0.0996374	0.265281	-0.963153	0.0443093	-2.537	-143.54	818.047
0.00390826	0.00311153	0.999987	-0.962561	-0.271027	0.00460531	0.271037	-0.962567	0.0019358	14.5239	-146.857	801.09
-0.0371958	-0.0281641	0.998911	-0.962601	-0.267427	-0.0433838	0.268357	-0.963167	-0.0171636	30.2519	-149.649	784.096
-0.078584	-0.0580698	0.995215	-0.950696	-0.296057	-0.0923433	0.300002	-0.953404	-0.0319414	44.9491	-152.311	767.099
-0.121007	-0.0852831	0.988981	-0.945742	-0.292749	-0.140961	0.301545	-0.952379	-0.0452313	58.0517	-153.978	749.145
-0.162663	-0.112038	0.9803	-0.927424	-0.321764	-0.190664	0.336787	-0.940168	-0.051568	68.7035	-155.051	731.277
-0.204037	-0.137455	0.969265	-0.905112	-0.350771	-0.240276	0.373017	-0.926318	-0.0528423	72.6497	-154.515	720.395
-0.246551	-0.159126	0.955977	-0.891928	-0.348555	-0.288051	0.379046	-0.923682	-0.0559921	76.3684	-153.198	702.833
-0.32553	-0.205795	0.922864	-0.847708	-0.368821	-0.381265	0.418834	-0.906432	-0.0543918	81.7013	-150.64	697.909
-0.403628	-0.245188	0.881458	-0.797021	-0.378856	-0.470346	0.449268	-0.892385	-0.0425032	84.8639	-146.848	686.523
-0.44358	-0.259278	0.857911	-0.758942	-0.400481	-0.513441	0.476702	-0.878857	-0.0191312	84.3564	-140.939	670.486
-0.513851	-0.294856	0.805616	-0.703772	-0.392121	-0.592407	0.490574	-0.871379	-0.00601974	82.0902	-138.263	665.676
-0.550588	-0.30499	0.777068	-0.67113	-0.391842	-0.62932	0.496424	-0.86801	0.0110558	78.6172	-130.916	660.33
-0.585897	-0.313789	0.747169	-0.636281	-0.39286	-0.663933	0.501868	-0.864406	0.0305173	75.7994	-127.028	649.924
-0.619667	-0.321396	0.716043	-0.584436	-0.419997	-0.694289	0.523878	-0.848709	0.0724229	70.9864	-116.934	640.244
-0.67871	-0.341486	0.650185	-0.515783	-0.408591	-0.753008	0.522801	-0.846428	0.101182	66.1232	-111.921	625.93
