#r11	r12	r13	r21	r22	r23	r31	r32	r33	tx	ty	tz
1.000000	0.000000	0.000000	0.000000	1.000000	0.000000	0.000000	0.000000	1.000000	10.000000	5.000000	30.000000	
0.999999	0.001000	0.000250	-0.001000	0.999999	-0.000250	-0.000250	0.000250	1.000000	9.999950	4.999950	29.999750	
0.999998	0.002000	0.000499	-0.002000	0.999998	-0.000501	-0.000500	0.000500	1.000000	9.999900	4.999900	29.999500	
0.999995	0.003000	0.000748	-0.003000	0.999995	-0.000752	-0.000750	0.000749	0.999999	9.999850	4.999850	29.999250	
0.999992	0.004001	0.000997	-0.004000	0.999991	-0.001003	-0.001001	0.000999	0.999999	9.999800	4.999800	29.999000	
0.999987	0.005001	0.001245	-0.004999	0.999987	-0.001254	-0.001251	0.001248	0.999998	9.999750	4.999750	29.998750	
0.999981	0.006001	0.001493	-0.005999	0.999981	-0.001506	-0.001502	0.001497	0.999998	9.999700	4.999700	29.998500	
0.999974	0.007002	0.001740	-0.006999	0.999974	-0.001759	-0.001753	0.001746	0.999997	9.999650	4.999650	29.998250	
0.999966	0.008002	0.001987	-0.007998	0.999966	-0.002011	-0.002003	0.001995	0.999996	9.999600	4.999600	29.998000	
0.999957	0.009003	0.002234	-0.008998	0.999957	-0.002264	-0.002254	0.002244	0.999995	9.999550	4.999550	29.997750	
0.999947	0.010004	0.002480	-0.009997	0.999947	-0.002517	-0.002505	0.002492	0.999994	9.999500	4.999500	29.997500	
0.999936	0.011004	0.002726	-0.010997	0.999936	-0.002771	-0.002756	0.002741	0.999992	9.999450	4.999450	29.997250	
0.999924	0.012005	0.002972	-0.011996	0.999923	-0.003025	-0.003008	0.002989	0.999991	9.999400	4.999400	29.997000	
0.999910	0.013006	0.003217	-0.012995	0.999910	-0.003279	-0.003259	0.003237	0.999989	9.999350	4.999350	29.996750	
0.999896	0.014007	0.003461	-0.013995	0.999896	-0.003534	-0.003510	0.003485	0.999988	9.999300	4.999300	29.996500	
0.999881	0.015008	0.003705	-0.014994	0.999880	-0.003789	-0.003762	0.003733	0.999986	9.999250	4.999250	29.996250	
0.999864	0.016009	0.003949	-0.015993	0.999864	-0.004044	-0.004014	0.003981	0.999984	9.999200	4.999200	29.996000	
0.999847	0.017010	0.004193	-0.016992	0.999846	-0.004300	-0.004265	0.004228	0.999982	9.999150	4.999150	29.995750	
0.999828	0.018011	0.004436	-0.017991	0.999828	-0.004556	-0.004517	0.004476	0.999980	9.999100	4.999100	29.995500	
0.999808	0.019013	0.004678	-0.018990	0.999808	-0.004812	-0.004769	0.004723	0.999977	9.999050	4.999050	29.995250	
0.999788	0.020014	0.004921	-0.019989	0.999787	-0.005069	-0.005021	0.004970	0.999975	9.999000	4.999000	29.995000	
0.999766	0.021015	0.005163	-0.020988	0.999766	-0.005326	-0.005273	0.005217	0.999972	9.998950	4.998950	29.994750	
0.999743	0.022017	0.005404	-0.021986	0.999743	-0.005584	-0.005526	0.005463	0.999970	9.998900	4.998900	29.994500	
0.999719	0.023018	0.005645	-0.022985	0.999719	-0.005841	-0.005778	0.005710	0.999967	9.998850	4.998850	29.994250	
0.999694	0.024019	0.005886	-0.023984	0.999694	-0.006099	-0.006030	0.005956	0.999964	9.998800	4.998800	29.994000	
0.999668	0.025021	0.006126	-0.024982	0.999668	-0.006358	-0.006283	0.006203	0.999961	9.998750	4.998750	29.993750	
0.999641	0.026023	0.006366	-0.025980	0.999641	-0.006616	-0.006536	0.006449	0.999958	9.998700	4.998700	29.993500	
0.999613	0.027024	0.006605	-0.026979	0.999612	-0.006876	-0.006788	0.006695	0.999955	9.998650	4.998650	29.993250	
0.999584	0.028026	0.006844	-0.027977	0.999583	-0.007135	-0.007041	0.006940	0.999951	9.998600	4.998600	29.993000	
0.999554	0.029028	0.007083	-0.028975	0.999553	-0.007395	-0.007294	0.007186	0.999948	9.998550	4.998550	29.992750	
0.999522	0.030029	0.007321	-0.029973	0.999521	-0.007655	-0.007547	0.007432	0.999944	9.998500	4.998500	29.992500	
0.999490	0.031031	0.007559	-0.030971	0.999489	-0.007915	-0.007800	0.007677	0.999940	9.998450	4.998450	29.992250	
0.999456	0.032033	0.007796	-0.031969	0.999455	-0.008176	-0.008054	0.007922	0.999936	9.998400	4.998400	29.992000	
0.999422	0.033035	0.008033	-0.032967	0.999421	-0.008437	-0.008307	0.008167	0.999932	9.998350	4.998350	29.991750	
0.999386	0.034037	0.008269	-0.033965	0.999385	-0.008698	-0.008560	0.008412	0.999928	9.998300	4.998300	29.991499	
0.999350	0.035039	0.008506	-0.034963	0.999348	-0.008960	-0.008814	0.008657	0.999924	9.998250	4.998250	29.991249	
0.999312	0.036041	0.008741	-0.035960	0.999311	-0.009222	-0.009068	0.008901	0.999919	9.998200	4.998200	29.990999	
0.999273	0.037043	0.008977	-0.036958	0.999272	-0.009484	-0.009321	0.009146	0.999915	9.998150	4.998150	29.990749	
0.999234	0.038045	0.009211	-0.037955	0.999232	-0.009747	-0.009575	0.009390	0.999910	9.998100	4.998100	29.990499	
0.999193	0.039047	0.009446	-0.038952	0.999191	-0.010010	-0.009829	0.009634	0.999905	9.998050	4.998050	29.990249	
0.999151	0.040049	0.009680	-0.039950	0.999149	-0.010273	-0.010083	0.009878	0.999900	9.998000	4.998000	29.989999	
0.999108	0.041051	0.009914	-0.040947	0.999106	-0.010537	-0.010337	0.010122	0.999895	9.997950	4.997950	29.989749	
0.999064	0.042054	0.010147	-0.041944	0.999062	-0.010801	-0.010592	0.010365	0.999890	9.997900	4.997900	29.989499	
0.999019	0.043056	0.010380	-0.042941	0.999016	-0.011065	-0.010846	0.010609	0.999885	9.997850	4.997850	29.989249	
0.998973	0.044058	0.010612	-0.043938	0.998970	-0.011330	-0.011100	0.010852	0.999880	9.997800	4.997801	29.988999	
0.998925	0.045060	0.010844	-0.044934	0.998923	-0.011595	-0.011355	0.011095	0.999874	9.997750	4.997751	29.988749	
0.998877	0.046063	0.011076	-0.045931	0.998874	-0.011860	-0.011610	0.011338	0.999868	9.997700	4.997701	29.988499	
0.998828	0.047065	0.011307	-0.046928	0.998825	-0.012126	-0.011864	0.011581	0.999863	9.997650	4.997651	29.988249	
0.998777	0.048067	0.011538	-0.047924	0.998774	-0.012392	-0.012119	0.011824	0.999857	9.997600	4.997601	29.987999	
0.998726	0.049070	0.011768	-0.048920	0.998722	-0.012658	-0.012374	0.012066	0.999851	9.997550	4.997551	29.987749	
0.998674	0.050072	0.011998	-0.049917	0.998670	-0.012924	-0.012629	0.012308	0.999844	9.997500	4.997501	29.987499	
0.998620	0.051075	0.012227	-0.050913	0.998616	-0.013191	-0.012884	0.012551	0.999838	9.997450	4.997451	29.987249	
0.998565	0.052077	0.012456	-0.051909	0.998561	-0.013458	-0.013139	0.012793	0.999832	9.997400	4.997401	29.986999	
0.998510	0.053080	0.012685	-0.052905	0.998505	-0.013726	-0.013395	0.013034	0.999825	9.997350	4.997351	29.986749	
0.998453	0.054082	0.012913	-0.053901	0.998448	-0.013994	-0.013650	0.013276	0.999819	9.997300	4.997301	29.986499	
0.998395	0.055085	0.013141	-0.054897	0.998390	-0.014262	-0.013906	0.013518	0.999812	9.997251	4.997251	29.986249	
0.998336	0.056087	0.013368	-0.055892	0.998331	-0.014530	-0.014161	0.013759	0.999805	9.997201	4.997201	29.985999	
0.998276	0.057090	0.013595	-0.056888	0.998271	-0.014799	-0.014417	0.014000	0.999798	9.997151	4.997151	29.985749	
0.998216	0.058092	0.013822	-0.057883	0.998210	-0.015068	-0.014673	0.014241	0.999791	9.997101	4.997101	29.985499	
0.998154	0.059095	0.014048	-0.058878	0.998147	-0.015338	-0.014928	0.014482	0.999784	9.997051	4.997051	29.985248	
0.998090	0.060097	0.014274	-0.059874	0.998084	-0.015607	-0.015184	0.014723	0.999776	9.997001	4.997001	29.984998	
0.998026	0.061100	0.014499	-0.060869	0.998019	-0.015877	-0.015440	0.014963	0.999769	9.996951	4.996951	29.984748	
0.997961	0.062102	0.014724	-0.061864	0.997954	-0.016148	-0.015697	0.015204	0.999761	9.996901	4.996901	29.984498	
0.997895	0.063105	0.014948	-0.062859	0.997887	-0.016418	-0.015953	0.015444	0.999753	9.996851	4.996851	29.984248	
0.997828	0.064108	0.015172	-0.063853	0.997820	-0.016689	-0.016209	0.015684	0.999746	9.996801	4.996801	29.983998	
0.997759	0.065110	0.015396	-0.064848	0.997751	-0.016960	-0.016466	0.015924	0.999738	9.996751	4.996751	29.983748	
0.997690	0.066113	0.015619	-0.065842	0.997681	-0.017232	-0.016722	0.016164	0.999730	9.996701	4.996701	29.983498	
0.997619	0.067115	0.015842	-0.066837	0.997610	-0.017504	-0.016979	0.016403	0.999721	9.996651	4.996651	29.983248	
0.997548	0.068118	0.016064	-0.067831	0.997538	-0.017776	-0.017235	0.016643	0.999713	9.996601	4.996601	29.982998	
0.997475	0.069121	0.016286	-0.068825	0.997465	-0.018049	-0.017492	0.016882	0.999704	9.996551	4.996551	29.982748	
0.997402	0.070123	0.016507	-0.069819	0.997391	-0.018321	-0.017749	0.017121	0.999696	9.996501	4.996501	29.982498	
0.997327	0.071126	0.016728	-0.070813	0.997316	-0.018594	-0.018006	0.017360	0.999687	9.996451	4.996451	29.982248	
0.997251	0.072128	0.016949	-0.071807	0.997240	-0.018868	-0.018263	0.017599	0.999678	9.996401	4.996401	29.981998	
0.997175	0.073131	0.017169	-0.072801	0.997163	-0.019142	-0.018520	0.017837	0.999669	9.996351	4.996351	29.981748	
0.997097	0.074134	0.017389	-0.073794	0.997084	-0.019416	-0.018777	0.018076	0.999660	9.996301	4.996301	29.981498	
0.997018	0.075136	0.017608	-0.074788	0.997005	-0.019690	-0.019035	0.018314	0.999651	9.996251	4.996252	29.981248	
0.996938	0.076139	0.017827	-0.075781	0.996925	-0.019964	-0.019292	0.018552	0.999642	9.996201	4.996202	29.980997	
0.996857	0.077141	0.018045	-0.076774	0.996843	-0.020239	-0.019550	0.018790	0.999632	9.996151	4.996152	29.980747	
0.996775	0.078144	0.018263	-0.077767	0.996760	-0.020515	-0.019807	0.019028	0.999623	9.996101	4.996102	29.980497	
0.996692	0.079146	0.018481	-0.078760	0.996677	-0.020790	-0.020065	0.019266	0.999613	9.996051	4.996052	29.980247	
0.996608	0.080149	0.018698	-0.079753	0.996592	-0.021066	-0.020323	0.019503	0.999603	9.996001	4.996002	29.979997	
0.996522	0.081152	0.018915	-0.080745	0.996506	-0.021342	-0.020581	0.019740	0.999593	9.995951	4.995952	29.979747	
0.996436	0.082154	0.019131	-0.081738	0.996419	-0.021618	-0.020839	0.019978	0.999583	9.995901	4.995902	29.979497	
0.996349	0.083157	0.019347	-0.082730	0.996331	-0.021895	-0.021097	0.020215	0.999573	9.995851	4.995852	29.979247	
0.996260	0.084159	0.019562	-0.083722	0.996242	-0.022172	-0.021355	0.020451	0.999563	9.995801	4.995802	29.978997	
0.996171	0.085161	0.019777	-0.084714	0.996152	-0.022449	-0.021613	0.020688	0.999552	9.995751	4.995752	29.978747	
0.996080	0.086164	0.019992	-0.085706	0.996061	-0.022727	-0.021871	0.020924	0.999542	9.995701	4.995702	29.978497	
0.995989	0.087166	0.020206	-0.086698	0.995969	-0.023005	-0.022130	0.021161	0.999531	9.995651	4.995652	29.978247	
0.995896	0.088169	0.020419	-0.087689	0.995876	-0.023283	-0.022388	0.021397	0.999520	9.995601	4.995602	29.977997	
0.995803	0.089171	0.020633	-0.088681	0.995781	-0.023561	-0.022647	0.021633	0.999509	9.995551	4.995552	29.977747	
0.995708	0.090173	0.020845	-0.089672	0.995686	-0.023840	-0.022905	0.021869	0.999498	9.995501	4.995502	29.977496	
0.995612	0.091176	0.021058	-0.090664	0.995589	-0.024119	-0.023164	0.022104	0.999487	9.995451	4.995452	29.977246	
0.995515	0.092178	0.021270	-0.091655	0.995492	-0.024399	-0.023423	0.022340	0.999476	9.995401	4.995402	29.976996	
0.995417	0.093180	0.021481	-0.092645	0.995393	-0.024678	-0.023682	0.022575	0.999465	9.995351	4.995352	29.976746	
0.995319	0.094183	0.021692	-0.093636	0.995294	-0.024958	-0.023941	0.022810	0.999453	9.995301	4.995302	29.976496	
0.995219	0.095185	0.021903	-0.094627	0.995193	-0.025238	-0.024200	0.023045	0.999441	9.995252	4.995252	29.976246	
0.995118	0.096187	0.022113	-0.095617	0.995091	-0.025519	-0.024459	0.023280	0.999430	9.995202	4.995202	29.975996	
0.995016	0.097189	0.022323	-0.096608	0.994988	-0.025800	-0.024718	0.023514	0.999418	9.995152	4.995153	29.975746	
0.994912	0.098191	0.022532	-0.097598	0.994884	-0.026081	-0.024977	0.023749	0.999406	9.995102	4.995103	29.975496	
0.994808	0.099193	0.022741	-0.098588	0.994779	-0.026362	-0.025237	0.023983	0.999394	9.995052	4.995053	29.975246	
0.994703	0.100195	0.022949	-0.099578	0.994673	-0.026644	-0.025496	0.024217	0.999382	9.995002	4.995003	29.974996	
0.994597	0.101197	0.023157	-0.100567	0.994566	-0.026925	-0.025756	0.024451	0.999369	9.994952	4.994953	29.974746	
0.994490	0.102199	0.023364	-0.101557	0.994458	-0.027208	-0.026016	0.024685	0.999357	9.994902	4.994903	29.974495	
0.994381	0.103201	0.023572	-0.102546	0.994348	-0.027490	-0.026275	0.024919	0.999344	9.994852	4.994853	29.974245	
0.994272	0.104203	0.023778	-0.103535	0.994238	-0.027773	-0.026535	0.025152	0.999331	9.994802	4.994803	29.973995	
0.994161	0.105205	0.023984	-0.104524	0.994126	-0.028056	-0.026795	0.025385	0.999319	9.994752	4.994753	29.973745	
0.994050	0.106207	0.024190	-0.105513	0.994014	-0.028339	-0.027055	0.025618	0.999306	9.994702	4.994703	29.973495	
0.993937	0.107209	0.024395	-0.106502	0.993900	-0.028623	-0.027315	0.025851	0.999293	9.994652	4.994653	29.973245	
0.993824	0.108210	0.024600	-0.107491	0.993786	-0.028907	-0.027575	0.026084	0.999279	9.994602	4.994603	29.972995	
0.993709	0.109212	0.024804	-0.108479	0.993670	-0.029191	-0.027835	0.026317	0.999266	9.994552	4.994553	29.972745	
0.993593	0.110214	0.025008	-0.109467	0.993553	-0.029475	-0.028096	0.026549	0.999253	9.994502	4.994503	29.972495	
0.993476	0.111215	0.025212	-0.110455	0.993435	-0.029760	-0.028356	0.026781	0.999239	9.994452	4.994453	29.972245	
0.993359	0.112217	0.025415	-0.111443	0.993317	-0.030045	-0.028617	0.027013	0.999225	9.994402	4.994403	29.971995	
0.993240	0.113218	0.025617	-0.112431	0.993197	-0.030330	-0.028877	0.027245	0.999212	9.994352	4.994353	29.971744	
0.993120	0.114220	0.025820	-0.113419	0.993075	-0.030616	-0.029138	0.027477	0.999198	9.994302	4.994304	29.971494	
0.992999	0.115221	0.026021	-0.114406	0.992953	-0.030902	-0.029399	0.027708	0.999184	9.994252	4.994254	29.971244	
0.992877	0.116222	0.026223	-0.115393	0.992830	-0.031188	-0.029659	0.027940	0.999170	9.994202	4.994204	29.970994	
0.992754	0.117224	0.026423	-0.116380	0.992706	-0.031474	-0.029920	0.028171	0.999155	9.994152	4.994154	29.970744	
0.992630	0.118225	0.026624	-0.117367	0.992581	-0.031761	-0.030181	0.028402	0.999141	9.994102	4.994104	29.970494	
0.992505	0.119226	0.026824	-0.118354	0.992454	-0.032048	-0.030442	0.028633	0.999126	9.994052	4.994054	29.970244	
0.992379	0.120227	0.027023	-0.119340	0.992327	-0.032335	-0.030703	0.028864	0.999112	9.994002	4.994004	29.969994	
0.992251	0.121228	0.027222	-0.120327	0.992198	-0.032623	-0.030964	0.029094	0.999097	9.993952	4.993954	29.969744	
0.992123	0.122229	0.027421	-0.121313	0.992069	-0.032910	-0.031226	0.029325	0.999082	9.993902	4.993904	29.969494	
0.991994	0.123230	0.027619	-0.122299	0.991938	-0.033198	-0.031487	0.029555	0.999067	9.993853	4.993854	29.969243	
0.991863	0.124231	0.027816	-0.123285	0.991806	-0.033486	-0.031748	0.029785	0.999052	9.993803	4.993804	29.968993	
0.991732	0.125232	0.028013	-0.124270	0.991673	-0.033775	-0.032010	0.030015	0.999037	9.993753	4.993754	29.968743	
0.991599	0.126233	0.028210	-0.125256	0.991540	-0.034064	-0.032272	0.030244	0.999021	9.993703	4.993704	29.968493	
0.991466	0.127233	0.028407	-0.126241	0.991405	-0.034353	-0.032533	0.030474	0.999006	9.993653	4.993654	29.968243	
0.991331	0.128234	0.028602	-0.127226	0.991269	-0.034642	-0.032795	0.030703	0.998990	9.993603	4.993604	29.967993	
0.991196	0.129234	0.028798	-0.128211	0.991132	-0.034932	-0.033057	0.030932	0.998975	9.993553	4.993554	29.967743	
0.991059	0.130235	0.028993	-0.129196	0.990993	-0.035222	-0.033319	0.031161	0.998959	9.993503	4.993505	29.967493	
0.990921	0.131235	0.029187	-0.130180	0.990854	-0.035512	-0.033581	0.031390	0.998943	9.993453	4.993455	29.967243	
0.990783	0.132236	0.029381	-0.131165	0.990714	-0.035802	-0.033843	0.031618	0.998927	9.993403	4.993405	29.966992	
0.990643	0.133236	0.029575	-0.132149	0.990573	-0.036093	-0.034105	0.031847	0.998911	9.993353	4.993355	29.966742	
0.990502	0.134236	0.029768	-0.133133	0.990430	-0.036384	-0.034367	0.032075	0.998894	9.993303	4.993305	29.966492	
0.990360	0.135236	0.029960	-0.134117	0.990287	-0.036675	-0.034629	0.032303	0.998878	9.993253	4.993255	29.966242	
0.990217	0.136236	0.030153	-0.135100	0.990142	-0.036966	-0.034891	0.032531	0.998862	9.993203	4.993205	29.965992	
0.990073	0.137236	0.030344	-0.136084	0.989997	-0.037258	-0.035154	0.032759	0.998845	9.993153	4.993155	29.965742	
0.989928	0.138236	0.030535	-0.137067	0.989850	-0.037550	-0.035416	0.032986	0.998828	9.993103	4.993105	29.965492	
0.989782	0.139236	0.030726	-0.138050	0.989702	-0.037842	-0.035679	0.033214	0.998811	9.993053	4.993055	29.965242	
0.989635	0.140236	0.030917	-0.139033	0.989553	-0.038135	-0.035941	0.033441	0.998794	9.993003	4.993005	29.964991	
0.989487	0.141235	0.031107	-0.140015	0.989403	-0.038427	-0.036204	0.033668	0.998777	9.992953	4.992955	29.964741	
0.989338	0.142235	0.031296	-0.140998	0.989252	-0.038720	-0.036467	0.033895	0.998760	9.992903	4.992905	29.964491	
0.989188	0.143234	0.031485	-0.141980	0.989100	-0.039014	-0.036730	0.034122	0.998743	9.992853	4.992856	29.964241	
0.989037	0.144234	0.031673	-0.142962	0.988947	-0.039307	-0.036993	0.034348	0.998725	9.992803	4.992806	29.963991	
0.988884	0.145233	0.031861	-0.143944	0.988793	-0.039601	-0.037256	0.034574	0.998707	9.992753	4.992756	29.963741	
0.988731	0.146232	0.032049	-0.144925	0.988638	-0.039895	-0.037519	0.034800	0.998690	9.992704	4.992706	29.963491	
0.988577	0.147231	0.032236	-0.145907	0.988482	-0.040189	-0.037782	0.035026	0.998672	9.992654	4.992656	29.963241	
0.988421	0.148230	0.032423	-0.146888	0.988324	-0.040483	-0.038045	0.035252	0.998654	9.992604	4.992606	29.962990	
0.988265	0.149229	0.032609	-0.147869	0.988166	-0.040778	-0.038308	0.035478	0.998636	9.992554	4.992556	29.962740	
0.988107	0.150228	0.032795	-0.148849	0.988006	-0.041073	-0.038572	0.035703	0.998618	9.992504	4.992506	29.962490	
0.987949	0.151227	0.032980	-0.149830	0.987846	-0.041368	-0.038835	0.035929	0.998600	9.992454	4.992456	29.962240	
0.987789	0.152225	0.033165	-0.150810	0.987684	-0.041664	-0.039099	0.036154	0.998581	9.992404	4.992406	29.961990	
0.987629	0.153224	0.033349	-0.151791	0.987522	-0.041960	-0.039362	0.036378	0.998563	9.992354	4.992356	29.961740	
0.987467	0.154222	0.033533	-0.152770	0.987358	-0.042256	-0.039626	0.036603	0.998544	9.992304	4.992306	29.961490	
0.987304	0.155221	0.033716	-0.153750	0.987193	-0.042552	-0.039890	0.036828	0.998525	9.992254	4.992256	29.961240	
0.987141	0.156219	0.033899	-0.154730	0.987027	-0.042848	-0.040153	0.037052	0.998506	9.992204	4.992207	29.960989	
0.986976	0.157217	0.034082	-0.155709	0.986860	-0.043145	-0.040417	0.037276	0.998487	9.992154	4.992157	29.960739	
0.986810	0.158215	0.034264	-0.156688	0.986692	-0.043442	-0.040681	0.037500	0.998468	9.992104	4.992107	29.960489	
0.986643	0.159213	0.034445	-0.157667	0.986523	-0.043739	-0.040945	0.037724	0.998449	9.992054	4.992057	29.960239	
0.986475	0.160211	0.034626	-0.158646	0.986353	-0.044037	-0.041209	0.037948	0.998430	9.992004	4.992007	29.959989	
0.986306	0.161209	0.034807	-0.159624	0.986182	-0.044334	-0.041473	0.038171	0.998410	9.991954	4.991957	29.959739	
0.986136	0.162207	0.034987	-0.160602	0.986010	-0.044632	-0.041737	0.038395	0.998391	9.991904	4.991907	29.959489	
0.985965	0.163204	0.035167	-0.161580	0.985836	-0.044930	-0.042002	0.038618	0.998371	9.991854	4.991857	29.959238	
0.985793	0.164202	0.035346	-0.162558	0.985662	-0.045229	-0.042266	0.038841	0.998351	9.991804	4.991807	29.958988	
0.985620	0.165199	0.035525	-0.163536	0.985486	-0.045528	-0.042530	0.039063	0.998331	9.991755	4.991757	29.958738	
0.985446	0.166196	0.035703	-0.164513	0.985310	-0.045826	-0.042795	0.039286	0.998311	9.991705	4.991707	29.958488	
0.985271	0.167193	0.035881	-0.165490	0.985132	-0.046126	-0.043059	0.039508	0.998291	9.991655	4.991658	29.958238	
0.985095	0.168190	0.036058	-0.166467	0.984954	-0.046425	-0.043324	0.039730	0.998271	9.991605	4.991608	29.957988	
0.984918	0.169187	0.036235	-0.167443	0.984774	-0.046725	-0.043589	0.039952	0.998250	9.991555	4.991558	29.957738	
0.984739	0.170184	0.036412	-0.168420	0.984593	-0.047024	-0.043853	0.040174	0.998230	9.991505	4.991508	29.957487	
0.984560	0.171181	0.036587	-0.169396	0.984411	-0.047324	-0.044118	0.040396	0.998209	9.991455	4.991458	29.957237	
0.984380	0.172177	0.036763	-0.170372	0.984228	-0.047625	-0.044383	0.040617	0.998189	9.991405	4.991408	29.956987	
0.984198	0.173174	0.036938	-0.171348	0.984044	-0.047925	-0.044648	0.040839	0.998168	9.991355	4.991358	29.956737	
0.984016	0.174170	0.037112	-0.172323	0.983859	-0.048226	-0.044913	0.041060	0.998147	9.991305	4.991308	29.956487	
0.983833	0.175166	0.037286	-0.173298	0.983673	-0.048527	-0.045178	0.041281	0.998126	9.991255	4.991258	29.956237	
0.983648	0.176162	0.037460	-0.174274	0.983486	-0.048828	-0.045443	0.041502	0.998104	9.991205	4.991208	29.955987	
0.983463	0.177158	0.037633	-0.175248	0.983298	-0.049130	-0.045708	0.041722	0.998083	9.991155	4.991158	29.955736	
0.983276	0.178154	0.037806	-0.176223	0.983108	-0.049431	-0.045973	0.041942	0.998062	9.991105	4.991109	29.955486	
0.983089	0.179150	0.037978	-0.177197	0.982918	-0.049733	-0.046239	0.042163	0.998040	9.991055	4.991059	29.955236	
0.982900	0.180145	0.038149	-0.178171	0.982727	-0.050035	-0.046504	0.042383	0.998019	9.991005	4.991009	29.954986	
0.982710	0.181140	0.038321	-0.179145	0.982534	-0.050338	-0.046770	0.042602	0.997997	9.990955	4.990959	29.954736	
0.982520	0.182136	0.038491	-0.180119	0.982340	-0.050640	-0.047035	0.042822	0.997975	9.990906	4.990909	29.954486	
0.982328	0.183131	0.038662	-0.181092	0.982146	-0.050943	-0.047301	0.043042	0.997953	9.990856	4.990859	29.954235	
0.982135	0.184126	0.038831	-0.182065	0.981950	-0.051246	-0.047566	0.043261	0.997931	9.990806	4.990809	29.953985	
0.981942	0.185121	0.039001	-0.183038	0.981753	-0.051550	-0.047832	0.043480	0.997909	9.990756	4.990759	29.953735	
0.981747	0.186116	0.039169	-0.184011	0.981556	-0.051853	-0.048098	0.043699	0.997886	9.990706	4.990709	29.953485	
0.981551	0.187110	0.039338	-0.184983	0.981357	-0.052157	-0.048363	0.043918	0.997864	9.990656	4.990659	29.953235	
0.981354	0.188105	0.039506	-0.185955	0.981157	-0.052461	-0.048629	0.044136	0.997841	9.990606	4.990610	29.952985	
0.981156	0.189099	0.039673	-0.186927	0.980956	-0.052765	-0.048895	0.044355	0.997819	9.990556	4.990560	29.952734	
0.980957	0.190093	0.039840	-0.187899	0.980754	-0.053069	-0.049161	0.044573	0.997796	9.990506	4.990510	29.952484	
0.980757	0.191088	0.040006	-0.188870	0.980551	-0.053374	-0.049427	0.044791	0.997773	9.990456	4.990460	29.952234	
0.980556	0.192082	0.040172	-0.189841	0.980346	-0.053679	-0.049693	0.045009	0.997750	9.990406	4.990410	29.951984	
0.980354	0.193075	0.040338	-0.190812	0.980141	-0.053984	-0.049960	0.045226	0.997727	9.990356	4.990360	29.951734	
0.980151	0.194069	0.040503	-0.191783	0.979935	-0.054289	-0.050226	0.045444	0.997703	9.990306	4.990310	29.951484	
0.979947	0.195063	0.040667	-0.192753	0.979727	-0.054594	-0.050492	0.045661	0.997680	9.990256	4.990260	29.951233	
0.979742	0.196056	0.040831	-0.193723	0.979519	-0.054900	-0.050759	0.045878	0.997657	9.990206	4.990210	29.950983	
0.979536	0.197049	0.040995	-0.194693	0.979309	-0.055206	-0.051025	0.046095	0.997633	9.990156	4.990160	29.950733	
0.979329	0.198042	0.041158	-0.195663	0.979099	-0.055512	-0.051291	0.046312	0.997609	9.990107	4.990111	29.950483	
0.979121	0.199035	0.041321	-0.196632	0.978887	-0.055818	-0.051558	0.046528	0.997586	9.990057	4.990061	29.950233	
0.978912	0.200028	0.041483	-0.197601	0.978674	-0.056125	-0.051825	0.046744	0.997562	9.990007	4.990011	29.949983	
0.978701	0.201021	0.041644	-0.198570	0.978461	-0.056432	-0.052091	0.046960	0.997538	9.989957	4.989961	29.949732	
0.978490	0.202013	0.041805	-0.199539	0.978246	-0.056739	-0.052358	0.047176	0.997513	9.989907	4.989911	29.949482	
0.978278	0.203005	0.041966	-0.200507	0.978030	-0.057046	-0.052625	0.047392	0.997489	9.989857	4.989861	29.949232	
0.978065	0.203998	0.042126	-0.201475	0.977813	-0.057353	-0.052891	0.047608	0.997465	9.989807	4.989811	29.948982	
0.977850	0.204990	0.042286	-0.202443	0.977595	-0.057661	-0.053158	0.047823	0.997440	9.989757	4.989761	29.948732	
0.977635	0.205982	0.042445	-0.203410	0.977376	-0.057969	-0.053425	0.048038	0.997416	9.989707	4.989711	29.948482	
0.977419	0.206973	0.042604	-0.204378	0.977156	-0.058277	-0.053692	0.048253	0.997391	9.989657	4.989662	29.948231	
0.977201	0.207965	0.042762	-0.205344	0.976935	-0.058585	-0.053959	0.048468	0.997366	9.989607	4.989612	29.947981	
0.976983	0.208956	0.042920	-0.206311	0.976712	-0.058893	-0.054226	0.048683	0.997341	9.989557	4.989562	29.947731	
0.976763	0.209947	0.043077	-0.207278	0.976489	-0.059202	-0.054494	0.048897	0.997316	9.989507	4.989512	29.947481	
0.976543	0.210939	0.043234	-0.208244	0.976265	-0.059511	-0.054761	0.049112	0.997291	9.989457	4.989462	29.947231	
0.976321	0.211929	0.043390	-0.209210	0.976039	-0.059820	-0.055028	0.049326	0.997266	9.989407	4.989412	29.946980	
0.976099	0.212920	0.043546	-0.210175	0.975813	-0.060129	-0.055295	0.049540	0.997240	9.989358	4.989362	29.946730	
0.975875	0.213911	0.043701	-0.211141	0.975585	-0.060438	-0.055563	0.049753	0.997215	9.989308	4.989312	29.946480	
0.975651	0.214901	0.043856	-0.212106	0.975357	-0.060748	-0.055830	0.049967	0.997189	9.989258	4.989262	29.946230	
0.975425	0.215892	0.044011	-0.213071	0.975127	-0.061058	-0.056098	0.050180	0.997163	9.989208	4.989213	29.945980	
0.975198	0.216882	0.044164	-0.214035	0.974896	-0.061368	-0.056365	0.050393	0.997138	9.989158	4.989163	29.945729	
0.974971	0.217872	0.044318	-0.214999	0.974665	-0.061678	-0.056633	0.050606	0.997112	9.989108	4.989113	29.945479	
0.974742	0.218861	0.044471	-0.215963	0.974432	-0.061989	-0.056901	0.050819	0.997086	9.989058	4.989063	29.945229	
0.974512	0.219851	0.044623	-0.216927	0.974198	-0.062299	-0.057168	0.051031	0.997059	9.989008	4.989013	29.944979	
0.974282	0.220840	0.044775	-0.217891	0.973963	-0.062610	-0.057436	0.051244	0.997033	9.988958	4.988963	29.944729	
0.974050	0.221829	0.044927	-0.218854	0.973727	-0.062921	-0.057704	0.051456	0.997007	9.988908	4.988913	29.944479	
0.973817	0.222819	0.045077	-0.219817	0.973490	-0.063232	-0.057972	0.051668	0.996980	9.988858	4.988863	29.944228	
0.973583	0.223807	0.045228	-0.220779	0.973252	-0.063544	-0.058240	0.051880	0.996954	9.988808	4.988814	29.943978	
0.973349	0.224796	0.045378	-0.221741	0.973012	-0.063855	-0.058508	0.052091	0.996927	9.988758	4.988764	29.943728	
0.973113	0.225785	0.045527	-0.222703	0.972772	-0.064167	-0.058776	0.052303	0.996900	9.988708	4.988714	29.943478	
0.972876	0.226773	0.045676	-0.223665	0.972531	-0.064479	-0.059044	0.052514	0.996873	9.988659	4.988664	29.943228	
0.972638	0.227761	0.045825	-0.224627	0.972289	-0.064791	-0.059312	0.052725	0.996846	9.988609	4.988614	29.942977	
0.972399	0.228749	0.045973	-0.225588	0.972045	-0.065104	-0.059580	0.052936	0.996819	9.988559	4.988564	29.942727	
0.972159	0.229737	0.046120	-0.226549	0.971801	-0.065416	-0.059848	0.053147	0.996792	9.988509	4.988514	29.942477	
0.971918	0.230724	0.046267	-0.227509	0.971555	-0.065729	-0.060117	0.053357	0.996764	9.988459	4.988464	29.942227	
0.971677	0.231712	0.046414	-0.228469	0.971308	-0.066042	-0.060385	0.053567	0.996737	9.988409	4.988414	29.941977	
0.971434	0.232699	0.046560	-0.229429	0.971061	-0.066355	-0.060653	0.053778	0.996709	9.988359	4.988365	29.941726	
0.971190	0.233686	0.046706	-0.230389	0.970812	-0.066669	-0.060922	0.053987	0.996681	9.988309	4.988315	29.941476	
0.970945	0.234673	0.046851	-0.231349	0.970562	-0.066982	-0.061190	0.054197	0.996654	9.988259	4.988265	29.941226	
0.970699	0.235660	0.046995	-0.232308	0.970312	-0.067296	-0.061459	0.054407	0.996626	9.988209	4.988215	29.940976	
0.970452	0.236646	0.047139	-0.233266	0.970060	-0.067610	-0.061727	0.054616	0.996598	9.988159	4.988165	29.940726	
0.970204	0.237632	0.047283	-0.234225	0.969807	-0.067924	-0.061996	0.054825	0.996569	9.988109	4.988115	29.940475	
0.969955	0.238619	0.047426	-0.235183	0.969553	-0.068238	-0.062265	0.055034	0.996541	9.988060	4.988065	29.940225	
0.969705	0.239604	0.047568	-0.236141	0.969298	-0.068553	-0.062534	0.055243	0.996513	9.988010	4.988016	29.939975	
0.969453	0.240590	0.047711	-0.237099	0.969042	-0.068867	-0.062802	0.055451	0.996484	9.987960	4.987966	29.939725	
0.969201	0.241576	0.047852	-0.238056	0.968784	-0.069182	-0.063071	0.055660	0.996456	9.987910	4.987916	29.939474	
0.968948	0.242561	0.047993	-0.239013	0.968526	-0.069497	-0.063340	0.055868	0.996427	9.987860	4.987866	29.939224	
0.968694	0.243546	0.048134	-0.239970	0.968267	-0.069812	-0.063609	0.056076	0.996398	9.987810	4.987816	29.938974	
0.968439	0.244531	0.048274	-0.240926	0.968007	-0.070127	-0.063878	0.056284	0.996369	9.987760	4.987766	29.938724	
0.968183	0.245516	0.048414	-0.241882	0.967745	-0.070443	-0.064147	0.056491	0.996340	9.987710	4.987716	29.938474	
0.967926	0.246500	0.048553	-0.242838	0.967483	-0.070759	-0.064416	0.056699	0.996311	9.987660	4.987666	29.938223	
0.967668	0.247484	0.048691	-0.243793	0.967219	-0.071075	-0.064685	0.056906	0.996282	9.987610	4.987617	29.937973	
0.967408	0.248469	0.048830	-0.244749	0.966955	-0.071391	-0.064954	0.057113	0.996253	9.987560	4.987567	29.937723	
0.967148	0.249452	0.048967	-0.245703	0.966689	-0.071707	-0.065223	0.057320	0.996223	9.987510	4.987517	29.937473	
0.966887	0.250436	0.049104	-0.246658	0.966423	-0.072023	-0.065493	0.057526	0.996193	9.987460	4.987467	29.937223	
0.966625	0.251420	0.049241	-0.247612	0.966155	-0.072340	-0.065762	0.057733	0.996164	9.987411	4.987417	29.936972	
0.966362	0.252403	0.049377	-0.248566	0.965886	-0.072656	-0.066031	0.057939	0.996134	9.987361	4.987367	29.936722	
0.966097	0.253386	0.049513	-0.249520	0.965616	-0.072973	-0.066301	0.058145	0.996104	9.987311	4.987317	29.936472	
0.965832	0.254369	0.049648	-0.250473	0.965345	-0.073290	-0.066570	0.058351	0.996074	9.987261	4.987268	29.936222	
0.965566	0.255351	0.049783	-0.251426	0.965073	-0.073608	-0.066840	0.058556	0.996044	9.987211	4.987218	29.935971	
0.965299	0.256334	0.049917	-0.252379	0.964801	-0.073925	-0.067109	0.058762	0.996014	9.987161	4.987168	29.935721	
0.965030	0.257316	0.050050	-0.253331	0.964527	-0.074243	-0.067379	0.058967	0.995983	9.987111	4.987118	29.935471	
0.964761	0.258298	0.050184	-0.254283	0.964251	-0.074561	-0.067648	0.059172	0.995953	9.987061	4.987068	29.935221	
0.964491	0.259280	0.050316	-0.255235	0.963975	-0.074878	-0.067918	0.059377	0.995922	9.987011	4.987018	29.934971	
0.964219	0.260261	0.050448	-0.256186	0.963698	-0.075197	-0.068188	0.059582	0.995892	9.986961	4.986968	29.934720	
0.963947	0.261243	0.050580	-0.257137	0.963420	-0.075515	-0.068457	0.059786	0.995861	9.986911	4.986918	29.934470	
0.963674	0.262224	0.050711	-0.258088	0.963141	-0.075833	-0.068727	0.059991	0.995830	9.986862	4.986869	29.934220	
0.963399	0.263204	0.050842	-0.259038	0.962860	-0.076152	-0.068997	0.060195	0.995799	9.986812	4.986819	29.933970	
0.963124	0.264185	0.050972	-0.259989	0.962579	-0.076471	-0.069267	0.060399	0.995768	9.986762	4.986769	29.933719	
0.962848	0.265166	0.051102	-0.260938	0.962297	-0.076790	-0.069537	0.060602	0.995737	9.986712	4.986719	29.933469	
0.962570	0.266146	0.051231	-0.261888	0.962013	-0.077109	-0.069807	0.060806	0.995706	9.986662	4.986669	29.933219	
0.962292	0.267126	0.051359	-0.262837	0.961729	-0.077428	-0.070077	0.061009	0.995674	9.986612	4.986619	29.932969	
0.962013	0.268105	0.051488	-0.263786	0.961443	-0.077747	-0.070347	0.061212	0.995643	9.986562	4.986569	29.932718	
0.961732	0.269085	0.051615	-0.264734	0.961156	-0.078067	-0.070617	0.061415	0.995611	9.986512	4.986520	29.932468	
0.961451	0.270064	0.051742	-0.265682	0.960869	-0.078387	-0.070887	0.061618	0.995579	9.986462	4.986470	29.932218	
0.961169	0.271043	0.051869	-0.266630	0.960580	-0.078706	-0.071157	0.061820	0.995548	9.986412	4.986420	29.931968	
0.960885	0.272022	0.051995	-0.267577	0.960290	-0.079026	-0.071427	0.062023	0.995516	9.986362	4.986370	29.931718	
0.960601	0.273001	0.052121	-0.268525	0.959999	-0.079347	-0.071698	0.062225	0.995484	9.986312	4.986320	29.931467	
0.960315	0.273979	0.052246	-0.269471	0.959707	-0.079667	-0.071968	0.062427	0.995451	9.986263	4.986270	29.931217	
0.960029	0.274957	0.052371	-0.270418	0.959415	-0.079987	-0.072238	0.062628	0.995419	9.986213	4.986221	29.930967	
0.959742	0.275935	0.052495	-0.271364	0.959121	-0.080308	-0.072509	0.062830	0.995387	9.986163	4.986171	29.930717	
0.959453	0.276913	0.052618	-0.272310	0.958826	-0.080629	-0.072779	0.063031	0.995354	9.986113	4.986121	29.930466	
0.959164	0.277890	0.052741	-0.273255	0.958529	-0.080950	-0.073049	0.063232	0.995322	9.986063	4.986071	29.930216	
0.958873	0.278867	0.052864	-0.274200	0.958232	-0.081271	-0.073320	0.063433	0.995289	9.986013	4.986021	29.929966	
0.958582	0.279844	0.052986	-0.275145	0.957934	-0.081592	-0.073590	0.063634	0.995256	9.985963	4.985971	29.929716	
0.958290	0.280821	0.053108	-0.276089	0.957635	-0.081914	-0.073861	0.063834	0.995223	9.985913	4.985921	29.929465	
0.957996	0.281797	0.053229	-0.277034	0.957335	-0.082235	-0.074132	0.064035	0.995190	9.985863	4.985872	29.929215	
0.957702	0.282774	0.053349	-0.277977	0.957033	-0.082557	-0.074402	0.064235	0.995157	9.985813	4.985822	29.928965	
0.957406	0.283750	0.053470	-0.278921	0.956731	-0.082879	-0.074673	0.064435	0.995124	9.985764	4.985772	29.928715	
0.957110	0.284725	0.053589	-0.279864	0.956428	-0.083201	-0.074944	0.064635	0.995091	9.985714	4.985722	29.928464	
0.956813	0.285701	0.053708	-0.280806	0.956123	-0.083523	-0.075214	0.064834	0.995057	9.985664	4.985672	29.928214	
0.956514	0.286676	0.053827	-0.281749	0.955818	-0.083845	-0.075485	0.065034	0.995024	9.985614	4.985622	29.927964	
0.956215	0.287651	0.053945	-0.282691	0.955511	-0.084168	-0.075756	0.065233	0.994990	9.985564	4.985572	29.927714	
0.955915	0.288626	0.054062	-0.283632	0.955204	-0.084490	-0.076027	0.065432	0.994957	9.985514	4.985523	29.927463	
0.955613	0.289600	0.054179	-0.284574	0.954895	-0.084813	-0.076298	0.065630	0.994923	9.985464	4.985473	29.927213	
0.955311	0.290574	0.054296	-0.285515	0.954585	-0.085136	-0.076568	0.065829	0.994889	9.985414	4.985423	29.926963	
0.955007	0.291548	0.054412	-0.286455	0.954275	-0.085459	-0.076839	0.066027	0.994855	9.985364	4.985373	29.926713	
0.954703	0.292522	0.054528	-0.287396	0.953963	-0.085782	-0.077110	0.066225	0.994821	9.985314	4.985323	29.926462	
0.954398	0.293495	0.054643	-0.288336	0.953650	-0.086105	-0.077381	0.066423	0.994786	9.985264	4.985273	29.926212	
0.954091	0.294468	0.054757	-0.289275	0.953336	-0.086429	-0.077652	0.066621	0.994752	9.985215	4.985224	29.925962	
0.953784	0.295441	0.054871	-0.290214	0.953021	-0.086752	-0.077924	0.066819	0.994718	9.985165	4.985174	29.925712	
0.953475	0.296414	0.054985	-0.291153	0.952705	-0.087076	-0.078195	0.067016	0.994683	9.985115	4.985124	29.925461	
0.953166	0.297386	0.055098	-0.292092	0.952388	-0.087400	-0.078466	0.067213	0.994648	9.985065	4.985074	29.925211	
0.952856	0.298358	0.055210	-0.293030	0.952070	-0.087724	-0.078737	0.067410	0.994614	9.985015	4.985024	29.924961	
0.952544	0.299330	0.055322	-0.293967	0.951751	-0.088048	-0.079008	0.067607	0.994579	9.984965	4.984974	29.924711	
0.952232	0.300302	0.055433	-0.294905	0.951431	-0.088372	-0.079279	0.067803	0.994544	9.984915	4.984925	29.924460	
0.951919	0.301273	0.055544	-0.295842	0.951110	-0.088697	-0.079551	0.068000	0.994509	9.984865	4.984875	29.924210	
0.951604	0.302244	0.055655	-0.296778	0.950788	-0.089021	-0.079822	0.068196	0.994474	9.984815	4.984825	29.923960	
0.951289	0.303215	0.055765	-0.297715	0.950465	-0.089346	-0.080093	0.068392	0.994438	9.984765	4.984775	29.923709	
0.950973	0.304186	0.055874	-0.298651	0.950140	-0.089671	-0.080365	0.068587	0.994403	9.984716	4.984725	29.923459	
0.950655	0.305156	0.055983	-0.299586	0.949815	-0.089995	-0.080636	0.068783	0.994367	9.984666	4.984675	29.923209	
0.950337	0.306126	0.056091	-0.300521	0.949489	-0.090320	-0.080908	0.068978	0.994332	9.984616	4.984626	29.922959	
0.950018	0.307095	0.056199	-0.301456	0.949161	-0.090646	-0.081179	0.069173	0.994296	9.984566	4.984576	29.922708	
0.949698	0.308065	0.056307	-0.302391	0.948833	-0.090971	-0.081451	0.069368	0.994260	9.984516	4.984526	29.922458	
0.949376	0.309034	0.056414	-0.303325	0.948504	-0.091296	-0.081722	0.069563	0.994225	9.984466	4.984476	29.922208	
0.949054	0.310003	0.056520	-0.304259	0.948173	-0.091622	-0.081994	0.069757	0.994189	9.984416	4.984426	29.921958	
0.948731	0.310971	0.056626	-0.305192	0.947842	-0.091948	-0.082265	0.069952	0.994152	9.984366	4.984376	29.921707	
0.948407	0.311940	0.056731	-0.306125	0.947509	-0.092273	-0.082537	0.070146	0.994116	9.984316	4.984327	29.921457	
0.948081	0.312908	0.056836	-0.307058	0.947175	-0.092599	-0.082809	0.070340	0.994080	9.984267	4.984277	29.921207	
0.947755	0.313876	0.056940	-0.307990	0.946841	-0.092925	-0.083080	0.070533	0.994044	9.984217	4.984227	29.920957	
0.947428	0.314843	0.057044	-0.308922	0.946505	-0.093252	-0.083352	0.070727	0.994007	9.984167	4.984177	29.920706	
0.947100	0.315810	0.057147	-0.309853	0.946168	-0.093578	-0.083624	0.070920	0.993971	9.984117	4.984127	29.920456	
0.946771	0.316777	0.057250	-0.310784	0.945830	-0.093904	-0.083896	0.071113	0.993934	9.984067	4.984077	29.920206	
0.946441	0.317744	0.057352	-0.311715	0.945492	-0.094231	-0.084167	0.071306	0.993897	9.984017	4.984028	29.919955	
0.946109	0.318710	0.057454	-0.312645	0.945152	-0.094557	-0.084439	0.071499	0.993860	9.983967	4.983978	29.919705	
0.945777	0.319676	0.057555	-0.313575	0.944811	-0.094884	-0.084711	0.071691	0.993823	9.983917	4.983928	29.919455	
0.945444	0.320642	0.057656	-0.314505	0.944469	-0.095211	-0.084983	0.071884	0.993786	9.983867	4.983878	29.919205	
0.945110	0.321607	0.057756	-0.315434	0.944126	-0.095538	-0.085255	0.072076	0.993749	9.983817	4.983828	29.918954	
0.944775	0.322572	0.057856	-0.316363	0.943782	-0.095865	-0.085527	0.072268	0.993712	9.983768	4.983778	29.918704	
0.944439	0.323537	0.057955	-0.317291	0.943437	-0.096192	-0.085799	0.072459	0.993674	9.983718	4.983729	29.918454	
0.944102	0.324502	0.058054	-0.318219	0.943091	-0.096520	-0.086071	0.072651	0.993637	9.983668	4.983679	29.918203	
0.943764	0.325466	0.058152	-0.319147	0.942744	-0.096847	-0.086343	0.072842	0.993599	9.983618	4.983629	29.917953	
0.943425	0.326430	0.058249	-0.320074	0.942396	-0.097175	-0.086615	0.073033	0.993561	9.983568	4.983579	29.917703	
0.943085	0.327394	0.058347	-0.321001	0.942046	-0.097503	-0.086887	0.073224	0.993524	9.983518	4.983529	29.917453	
0.942744	0.328357	0.058443	-0.321928	0.941696	-0.097830	-0.087159	0.073414	0.993486	9.983468	4.983480	29.917202	
0.942402	0.329320	0.058539	-0.322854	0.941345	-0.098158	-0.087431	0.073605	0.993448	9.983418	4.983430	29.916952	
0.942059	0.330283	0.058635	-0.323779	0.940993	-0.098486	-0.087703	0.073795	0.993409	9.983368	4.983380	29.916702	
0.941715	0.331246	0.058730	-0.324705	0.940639	-0.098814	-0.087975	0.073985	0.993371	9.983319	4.983330	29.916451	
0.941370	0.332208	0.058824	-0.325630	0.940285	-0.099143	-0.088248	0.074175	0.993333	9.983269	4.983280	29.916201	
0.941024	0.333170	0.058918	-0.326554	0.939930	-0.099471	-0.088520	0.074365	0.993295	9.983219	4.983230	29.915951	
0.940677	0.334131	0.059012	-0.327478	0.939573	-0.099799	-0.088792	0.074554	0.993256	9.983169	4.983181	29.915701	
0.940330	0.335093	0.059105	-0.328402	0.939216	-0.100128	-0.089064	0.074743	0.993218	9.983119	4.983131	29.915450	
0.939981	0.336053	0.059197	-0.329325	0.938857	-0.100457	-0.089337	0.074932	0.993179	9.983069	4.983081	29.915200	
0.939631	0.337014	0.059289	-0.330248	0.938498	-0.100785	-0.089609	0.075121	0.993140	9.983019	4.983031	29.914950	
0.939280	0.337974	0.059381	-0.331171	0.938137	-0.101114	-0.089881	0.075310	0.993101	9.982969	4.982981	29.914699	
0.938928	0.338935	0.059471	-0.332093	0.937776	-0.101443	-0.090154	0.075498	0.993062	9.982919	4.982931	29.914449	
0.938576	0.339894	0.059562	-0.333015	0.937413	-0.101772	-0.090426	0.075686	0.993023	9.982870	4.982882	29.914199	
0.938222	0.340854	0.059652	-0.333936	0.937050	-0.102102	-0.090698	0.075874	0.992984	9.982820	4.982832	29.913948	
0.937867	0.341813	0.059741	-0.334857	0.936685	-0.102431	-0.090971	0.076062	0.992945	9.982770	4.982782	29.913698	
0.937512	0.342772	0.059830	-0.335778	0.936319	-0.102760	-0.091243	0.076249	0.992905	9.982720	4.982732	29.913448	
0.937155	0.343730	0.059918	-0.336698	0.935953	-0.103090	-0.091516	0.076437	0.992866	9.982670	4.982682	29.913198	
0.936797	0.344688	0.060006	-0.337617	0.935585	-0.103419	-0.091788	0.076624	0.992826	9.982620	4.982633	29.912947	
0.936439	0.345646	0.060093	-0.338537	0.935216	-0.103749	-0.092061	0.076811	0.992786	9.982570	4.982583	29.912697	
0.936079	0.346603	0.060180	-0.339456	0.934846	-0.104079	-0.092333	0.076997	0.992747	9.982520	4.982533	29.912447	
0.935719	0.347561	0.060266	-0.340374	0.934475	-0.104409	-0.092606	0.077184	0.992707	9.982470	4.982483	29.912196	
0.935357	0.348517	0.060352	-0.341292	0.934104	-0.104738	-0.092878	0.077370	0.992667	9.982421	4.982433	29.911946	
