#r11	r12	r13	r21	r22	r23	r31	r32	r33	tx	ty	tz
0.999955	-0.00930137	-0.00209425	0.00923462	0.99951	-0.0298991	0.00237133	0.0298784	0.999551	-130.949	4.0984	548.686
0.999796	-0.0195301	-0.00523535	0.0193212	0.999115	-0.0373589	0.00596034	0.0372501	0.999288	-121.989	7.77256	548.515
0.99964	-0.025107	-0.00942291	0.0246607	0.998691	-0.044808	0.0105356	0.0445595	0.998951	-113.228	15.9111	548.705
0.999407	-0.0311452	-0.0146563	0.0303406	0.998173	-0.0522433	0.0162567	0.0517676	0.998527	-104.768	18.6974	547.863
0.999133	-0.0376452	-0.0177956	0.0365229	0.99755	-0.0596648	0.0199981	0.0589631	0.99806	-96.7156	24.6402	549.778
0.998354	-0.0515603	-0.0251183	0.0497776	0.996506	-0.0670629	0.0284883	0.0657022	0.997433	-79.6999	26.5001	551.652
0.997364	-0.0663872	-0.0293011	0.0640539	0.995166	-0.0744447	0.0341016	0.0723715	0.996795	-72.7333	30.1032	551.976
0.996489	-0.0742357	-0.0387077	0.0708827	0.994126	-0.0817886	0.0445519	0.0787577	0.995898	-65.5605	31.4025	555.979
0.994652	-0.0908391	-0.0491521	0.0862202	0.992284	-0.0890943	0.0568661	0.0843799	0.99481	-59.9669	32.3826	556.759
0.993184	-0.0995447	-0.0606306	0.0934389	0.990952	-0.0963536	0.0696735	0.0900316	0.993499	-49.7599	32.3676	562.258
0.990769	-0.117915	-0.066886	0.110644	0.988445	-0.103603	0.0783294	0.0952461	0.992367	-45.8618	31.0791	569.961
0.987293	-0.137057	-0.0804243	0.1278	0.985597	-0.110753	0.0944454	0.0990676	0.990589	-42.7901	28.704	571.087
0.983025	-0.156971	-0.0949807	0.145474	0.982321	-0.117827	0.111797	0.10201	0.988481	-40.2455	27.3347	579.093
0.978693	-0.177759	-0.102767	0.164593	0.97842	-0.124916	0.122754	0.10534	0.986831	-38.8693	22.8498	588.573
0.973623	-0.199306	-0.111061	0.184325	0.973968	-0.131946	0.134468	0.107995	0.985016	-38.4307	17.3483	591.049
0.966676	-0.221329	-0.12865	0.203441	0.969205	-0.138758	0.155399	0.107961	0.981935	-40.0267	11.0524	592.543
0.962727	-0.232658	-0.13794	0.212636	0.966218	-0.145632	0.167163	0.110873	0.979675	-43.8412	7.85481	599.822
0.958375	-0.244324	-0.147727	0.222021	0.963054	-0.152426	0.179511	0.113283	0.977212	-46.5256	-0.438252	607.538
0.94856	-0.268178	-0.16827	0.242406	0.95708	-0.15886	0.203651	0.109898	0.972856	-50.1939	-10.147	609.449
0.939216	-0.292961	-0.179019	0.264793	0.950007	-0.165441	0.218537	0.107982	0.969836	-60.1978	-20.9274	612.77
0.928733	-0.318215	-0.190249	0.287609	0.942192	-0.171917	0.233958	0.104948	0.966566	-65.9445	-26.4542	621.241
0.914721	-0.342997	-0.21363	0.308825	0.934347	-0.177827	0.260599	0.0966875	0.960593	-71.4595	-31.9798	628.238
0.898982	-0.367756	-0.237879	0.330219	0.925901	-0.183474	0.287726	0.0863881	0.953808	-77.5265	-43.4164	641.338
0.890366	-0.380167	-0.250441	0.340008	0.921136	-0.18948	0.302724	0.0835548	0.949409	-85.3834	-49.7365	650.491
0.881133	-0.392681	-0.26345	0.349902	0.916194	-0.195336	0.318076	0.0799352	0.944689	-92.8629	-62.3931	666.146
0.864604	-0.419272	-0.276896	0.374552	0.90515	-0.20103	0.334919	0.0700993	0.939636	-110.988	-75.3688	676.418
0.842769	-0.443811	-0.304585	0.396783	0.894585	-0.205622	0.363734	0.0524381	0.930026	-128.113	-88.129	684.843
0.83099	-0.455867	-0.318811	0.406718	0.88888	-0.210886	0.379521	0.045578	0.92406	-136.317	-93.9802	694.539
0.805664	-0.479386	-0.347986	0.42925	0.877286	-0.214741	0.408227	0.0236364	0.912574	-143.765	-100.162	696.264
0.792105	-0.490777	-0.362915	0.439193	0.871165	-0.219502	0.423886	0.0144789	0.9056	-152.881	-113.501	700.125
0.772475	-0.498511	-0.393408	0.446119	0.866876	-0.222495	0.451952	-0.00363491	0.892035	-160.829	-126.768	702.749
0.741773	-0.519307	-0.424373	0.469181	0.853979	-0.224922	0.479209	-0.032267	0.877108	-167.376	-131.947	716.341
0.719199	-0.524465	-0.45573	0.475976	0.849728	-0.226737	0.506162	-0.0538478	0.860756	-173.367	-144.393	723.892
0.695223	-0.528313	-0.487392	0.482791	0.845563	-0.227895	0.53252	-0.0768706	0.842919	-179.48	-156.285	725.403
0.666287	-0.550124	-0.503414	0.509811	0.828729	-0.23087	0.544201	-0.10282	0.83263	-186.153	-161.522	742.028
0.628382	-0.563996	-0.535765	0.533531	0.813682	-0.230796	0.566111	-0.140819	0.812212	-197.26	-172.04	749.298
0.5965	-0.582593	-0.552062	0.560538	0.794683	-0.232973	0.574443	-0.170483	0.800594	-208.748	-182.421	753.831
0.576017	-0.58733	-0.56855	0.570627	0.786927	-0.234799	0.585311	-0.189182	0.788429	-218.389	-191.933	763.143
0.554931	-0.59126	-0.585204	0.580834	0.778983	-0.236258	0.595554	-0.208799	0.775705	-226.04	-195.936	778.73
0.511534	-0.596448	-0.618533	0.605083	0.761137	-0.23355	0.610089	-0.254795	0.750248	-229.514	-198.348	790.836
0.480597	-0.586993	-0.651511	0.612293	0.75647	-0.229891	0.627793	-0.288431	0.722969	-228.094	-204.654	803.312
0.457941	-0.58667	-0.667914	0.622873	0.747813	-0.229791	0.634287	-0.310795	0.707875	-227.496	-207.337	806.476
0.434903	-0.585263	-0.684344	0.63361	0.738903	-0.229261	0.639842	-0.333901	0.692179	-226.148	-208.771	815.171
0.41154	-0.582713	-0.700772	0.64451	0.729721	-0.228286	0.644393	-0.357705	0.675873	-222.81	-212.603	828.494
0.364522	-0.574098	-0.733168	0.670299	0.708305	-0.221366	0.646392	-0.410749	0.64301	-216.504	-214.492	828.947
0.331756	-0.552585	-0.764584	0.678792	0.702668	-0.213306	0.655118	-0.448228	0.608204	-208.339	-214.237	834.256
0.285457	-0.535477	-0.794845	0.70529	0.67891	-0.204078	0.648907	-0.502341	0.571466	-198.799	-213.755	839.147
0.253647	-0.50701	-0.823774	0.714629	0.672162	-0.193657	0.651896	-0.539572	0.532816	-183.055	-211.079	848.115
0.222394	-0.475419	-0.851186	0.724501	0.664805	-0.182024	0.652411	-0.576204	0.49229	-171.751	-208.2	848.547
0.191952	-0.440693	-0.876895	0.734919	0.656717	-0.169167	0.650422	-0.611974	0.449931	-152.644	-203.145	848.821
0.162589	-0.402852	-0.900708	0.745885	0.647769	-0.155081	0.645926	-0.64661	0.405802	-139.176	-197.914	852.635
0.143043	-0.384701	-0.91189	0.758722	0.634249	-0.148556	0.635515	-0.670621	0.382606	-120.233	-191.198	861.368
0.106581	-0.344664	-0.932656	0.787686	0.601694	-0.132343	0.606788	-0.720535	0.335616	-104.033	-183.672	867.542
0.0743899	-0.300121	-0.950996	0.816076	0.566406	-0.114913	0.573137	-0.767537	0.287056	-87.0658	-175.095	873.198
0.0600453	-0.276185	-0.959227	0.828622	0.549608	-0.106376	0.556579	-0.78845	0.261854	-73.4792	-165.229	874.255
0.0469251	-0.251077	-0.966829	0.841158	0.531961	-0.0973198	0.53875	-0.808689	0.236158	-59.545	-155.039	875.764
0.0351401	-0.224851	-0.973759	0.853639	0.51342	-0.0877486	0.519678	-0.828156	0.209983	-45.387	-143.347	880.334
0.0188315	-0.198229	-0.979975	0.880518	0.467606	-0.0776668	0.473638	-0.861423	0.18335	-22.0106	-130.855	883.2
0.00902847	-0.140572	-0.990029	0.892003	0.448602	-0.0555614	0.451939	-0.882608	0.129441	-4.19991	-117.672	884.96
0.0026926	-0.0812069	-0.996694	0.903387	0.4276	-0.0323987	0.428817	-0.900313	0.0745127	14.373	-103.889	886.82
3.55675e-05	-0.0204938	-0.99979	0.914514	0.40447	-0.00825834	0.404555	-0.914321	0.0187562	41.4092	-89.5635	887.518
0.00123914	0.0411694	-0.999151	0.925206	0.379094	0.0167678	0.379463	-0.924442	-0.0376205	59.4632	-74.9035	888.543
0.00450993	0.0722648	-0.997375	0.935339	0.352497	0.0297696	0.353723	-0.933019	-0.0660024	80.5878	-60.0036	888.311
0.0132333	0.103123	-0.994581	0.95492	0.293709	0.0431586	0.296568	-0.950316	-0.0945871	92.5659	-52.2341	887.911
0.0322635	0.164432	-0.985861	0.970533	0.230511	0.070209	0.238796	-0.959076	-0.15215	115.634	-44.3197	887.32
0.0449478	0.1944	-0.979892	0.976264	0.199479	0.0843559	0.211867	-0.960425	-0.180819	132.19	-36.0982	886.116
0.076625	0.252188	-0.96464	0.985032	0.130674	0.112407	0.154401	-0.958815	-0.238401	151.82	-20.9046	885.598
0.105102	0.276253	-0.955321	0.989885	0.0629962	0.127121	0.0952992	-0.959018	-0.266837	160.602	-5.38202	885.866
0.137445	0.297395	-0.944809	0.989839	-0.00615114	0.14206	0.0364362	-0.954735	-0.295219	168.669	9.08791	885.126
0.173414	0.315103	-0.93308	0.984609	-0.076398	0.157191	-0.0217539	-0.945978	-0.323501	177.636	15.9703	882.485
0.217069	0.363279	-0.90604	0.975369	-0.117995	0.186368	-0.0392047	-0.924178	-0.379944	188.687	29.4948	880.041
0.247014	0.381591	-0.890715	0.967067	-0.155281	0.201664	-0.0613583	-0.911195	-0.407381	193.688	43.2824	879.252
0.29282	0.387532	-0.874114	0.949233	-0.227724	0.217024	-0.114953	-0.893287	-0.43454	195.452	56.3722	878.426
0.360755	0.410943	-0.837246	0.919655	-0.306127	0.246008	-0.155209	-0.858727	-0.488363	200.345	60.3323	877.2
0.416234	0.440098	-0.795653	0.89535	-0.350846	0.274327	-0.158421	-0.826572	-0.540076	205.584	63.5359	879.335
0.489693	0.445613	-0.74942	0.851689	-0.428448	0.301759	-0.18662	-0.786041	-0.589332	205.744	72.1375	875.396
0.547001	0.461139	-0.698671	0.817742	-0.472929	0.328079	-0.179132	-0.750792	-0.635786	202.611	73.7204	871.058
0.603629	0.470588	-0.643567	0.779639	-0.517216	0.353059	-0.166718	-0.714867	-0.679095	203.649	75.3269	870.578
0.65882	0.473855	-0.584309	0.737326	-0.560909	0.376471	-0.149352	-0.678853	-0.718924	197.047	79.7266	874.458
0.6948	0.459686	-0.55312	0.703242	-0.595358	0.388586	-0.150676	-0.658967	-0.736925	192.304	84.1189	874.373
0.746832	0.413497	-0.520829	0.641479	-0.654444	0.400259	-0.175348	-0.633027	-0.754009	179.159	84.65	869.822
0.795088	0.360849	-0.487465	0.573686	-0.708236	0.411444	-0.196771	-0.606786	-0.770125	163.859	86.4855	860.141
0.838744	0.302067	-0.45306	0.500274	-0.756016	0.422096	-0.215019	-0.580685	-0.785221	148.461	87.0004	855.295
0.866641	0.27295	-0.41765	0.453725	-0.779333	0.432173	-0.207527	-0.564037	-0.799246	142.043	85.3996	844.818
0.915562	0.207848	-0.344303	0.354887	-0.820302	0.448508	-0.189211	-0.532826	-0.8248	127.392	80.4285	844.615
0.942489	0.133392	-0.306464	0.268519	-0.848174	0.456616	-0.199026	-0.512647	-0.835213	109.35	76.9348	844.281
0.968734	0.096127	-0.228722	0.196151	-0.861238	0.468822	-0.151918	-0.499028	-0.853166	92.762	70.3144	849.051
0.981882	0.01451	-0.188935	0.104253	-0.873963	0.47468	-0.158234	-0.485777	-0.859641	75.0462	63.8984	849.448
0.993788	-0.0274938	-0.107837	0.0281076	-0.875576	0.482262	-0.107679	-0.482298	-0.869364	67.8007	53.1278	855.214
0.993273	-0.112987	-0.025368	-0.0864662	-0.869365	0.486548	-0.0770278	-0.481081	-0.873286	59.8752	41.347	848.651
0.985571	-0.155449	-0.0669783	-0.103667	-0.867155	0.487129	-0.133804	-0.473157	-0.870758	42.8715	40.411	825.612
0.964739	-0.239677	-0.108785	-0.15853	-0.859037	0.486749	-0.210113	-0.45234	-0.866742	26.8466	39.4951	803.336
0.927959	-0.3192	-0.192362	-0.194056	-0.854512	0.481822	-0.318173	-0.409782	-0.854895	10.9647	40.4338	781.478
0.90448	-0.356615	-0.23397	-0.21214	-0.852035	0.478573	-0.370017	-0.383225	-0.846301	-2.69507	38.5439	758.1
0.859333	-0.430903	-0.275444	-0.268402	-0.83845	0.474302	-0.435324	-0.333654	-0.836163	-9.57057	35.3361	741.713
0.81522	-0.455757	-0.357354	-0.269928	-0.844915	0.461798	-0.512402	-0.280008	-0.811813	-22.1919	34.6725	725.062
0.764351	-0.474011	-0.437128	-0.273766	-0.852358	0.445576	-0.583797	-0.220905	-0.781269	-31.2391	33.4607	703.728
0.707538	-0.484869	-0.514094	-0.280298	-0.860364	0.425684	-0.648709	-0.157088	-0.744648	-41.8105	25.1521	676.87
0.622592	-0.51684	-0.587584	-0.329508	-0.854195	0.402212	-0.709791	-0.0568001	-0.702118	-51.2258	17.025	656.481
0.553064	-0.553307	-0.622873	-0.394233	-0.83243	0.38941	-0.733962	0.0301887	-0.678519	-55.1633	11.6599	646.982
0.507389	-0.557418	-0.657146	-0.420686	-0.825781	0.375645	-0.75205	0.0858544	-0.653491	-58.0676	7.0262	637.643
0.441096	-0.532951	-0.722079	-0.437991	-0.830094	0.345119	-0.783325	0.164033	-0.599579	-66.0792	4.54911	623.569
0.35048	-0.516116	-0.781529	-0.497587	-0.809559	0.311483	-0.793455	0.27971	-0.540547	-70.6336	-6.77459	605.473
0.264373	-0.482753	-0.834899	-0.559437	-0.781931	0.274979	-0.785581	0.394377	-0.476791	-78.3139	-11.0554	582.896
0.201544	-0.470344	-0.85916	-0.626979	-0.735855	0.255763	-0.752514	0.487128	-0.443203	-79.8003	-24.9055	575.021
0.130567	-0.410472	-0.902477	-0.688533	-0.692493	0.215351	-0.713355	0.593267	-0.37304	-79.5088	-29.6958	559.097
0.0996072	-0.375636	-0.921399	-0.719013	-0.667282	0.194309	-0.687822	0.643143	-0.336553	-72.6649	-43.3848	552.034
0.0483371	-0.297617	-0.953461	-0.778435	-0.609357	0.150743	-0.625862	0.73492	-0.26113	-71.0302	-48.0942	538.514
0.0235336	-0.210036	-0.97741	-0.806355	-0.581921	0.105634	-0.590963	0.785654	-0.183059	-76.1167	-53.5287	530.754
0.00143466	-0.118869	-0.992909	-0.860223	-0.506447	0.0593877	-0.509915	0.854038	-0.10298	-72.0247	-59.0126	515.494
-0.00273495	-0.0719159	-0.997407	-0.884759	-0.464661	0.0359295	-0.46604	0.882563	-0.0623574	-70.2978	-65.0177	502.177
0.00313805	0.0224598	-0.999743	-0.927373	-0.373967	-0.0113123	-0.374125	0.92717	0.0196551	-75.3155	-70.7954	493.702
0.0221495	0.115454	-0.993066	-0.944708	-0.322639	-0.0585809	-0.327165	0.939454	0.101924	-80.064	-82.4293	482.96
0.0392837	0.160119	-0.986316	-0.959333	-0.270088	-0.0820553	-0.279531	0.949428	0.142997	-77.4877	-88.1114	476.686
0.0713622	0.199635	-0.977268	-0.980602	-0.165278	-0.105369	-0.182557	0.965831	0.183968	-64.8655	-98.1124	471.196
0.0996057	0.238925	-0.965916	-0.985783	-0.108322	-0.128449	-0.13532	0.964977	0.224739	-62.1156	-102.661	469.075
0.131959	0.275305	-0.952257	-0.987241	-0.0498645	-0.151224	-0.0891165	0.960063	0.265212	-50.1129	-110.318	462.419
0.16815	0.308337	-0.936298	-0.984764	0.00981656	-0.173622	-0.0443427	0.951227	0.30529	-38.6842	-117.651	461.255
0.22532	0.326212	-0.918051	-0.973103	0.121747	-0.195571	0.0479721	0.937424	0.34487	-36.6321	-123.996	456.821
0.269435	0.34905	-0.897535	-0.959003	0.182274	-0.217001	0.0878527	0.919206	0.383851	-35.3789	-127.493	457.447
0.364465	0.380562	-0.849905	-0.917778	0.301294	-0.258661	0.157635	0.874297	0.459082	-33.3615	-132.381	461.9
0.434606	0.366049	-0.822877	-0.869838	0.407441	-0.278162	0.233454	0.83666	0.495479	-32.549	-134.758	461.179
0.485628	0.366253	-0.793741	-0.834852	0.463551	-0.296887	0.259204	0.806833	0.53088	-26.8553	-137.035	462.867
0.536814	0.361038	-0.76255	-0.795439	0.517874	-0.314773	0.28126	0.775537	0.565186	-27.3291	-138.836	465.092
0.618082	0.368545	-0.694369	-0.737107	0.578696	-0.348975	0.273216	0.72752	0.629339	-33.8521	-141.709	471.949
0.69552	0.36474	-0.619044	-0.671525	0.636418	-0.379508	0.255549	0.679659	0.687574	-38.798	-142.596	481.345
0.741852	0.338446	-0.578887	-0.617349	0.681748	-0.392557	0.261796	0.648594	0.714695	-41.9383	-143.179	486.734
0.785563	0.307181	-0.53715	-0.559468	0.723462	-0.404474	0.26436	0.618258	0.740183	-45.6291	-140.214	492.348
0.826123	0.271212	-0.493929	-0.498155	0.761206	-0.415219	0.263369	0.589075	0.763955	-49.3814	-139.846	499.355
0.883867	0.236439	-0.403578	-0.412707	0.800272	-0.435016	0.220117	0.551055	0.804914	-60.096	-137.375	513.238
0.940548	0.141361	-0.308847	-0.275476	0.849402	-0.450144	0.198702	0.508462	0.837845	-71.5703	-139.568	528.65
0.976904	0.035598	-0.210691	-0.131296	0.877925	-0.460444	0.16858	0.477473	0.862323	-79.5993	-141.471	542.302
0.993716	-0.0201037	-0.110115	-0.0337282	0.884241	-0.465811	0.106733	0.466597	0.878006	-87.1053	-143.043	557.459
0.989287	-0.133436	-0.0592154	0.0908955	0.880423	-0.465395	0.114235	0.455027	0.88312	-93.7311	-134.356	566.344
0.969263	-0.245896	-0.00804913	0.214255	0.859718	-0.463659	0.120932	0.447683	0.885977	-106.896	-131.386	577.99
0.949313	-0.299814	-0.0944256	0.225729	0.859291	-0.458984	0.218749	0.414405	0.883412	-120.762	-118.674	571.297
0.902833	-0.40464	-0.145458	0.302669	0.838318	-0.453448	0.305424	0.365362	0.879333	-128.108	-108.321	572.856
0.859943	-0.44696	-0.246424	0.310959	0.841673	-0.441464	0.404725	0.303006	0.862777	-142.764	-94.5058	568.583
0.790587	-0.536012	-0.296081	0.389485	0.813269	-0.432314	0.472519	0.226463	0.851728	-158.935	-76.9193	568.828
0.744751	-0.571227	-0.345031	0.420522	0.803164	-0.422005	0.518177	0.169195	0.838371	-175.759	-66.3348	569.624
0.695474	-0.601467	-0.393134	0.452521	0.791613	-0.410578	0.558158	0.107645	0.822722	-182.776	-48.3055	570.835
0.643319	-0.626354	-0.440252	0.485435	0.778386	-0.39808	0.592025	0.0423791	0.804805	-189.527	-37.8601	572.733
0.588894	-0.645574	-0.486249	0.519183	0.763255	-0.384565	0.619397	-0.0259842	0.784648	-206.02	-20.8146	579.616
0.492728	-0.689397	-0.530991	0.597024	0.711757	-0.370086	0.633073	-0.134663	0.762289	-221.999	-10.754	578.195
0.418916	-0.666983	-0.616152	0.621202	0.705433	-0.34128	0.662282	-0.239787	0.709848	-232.189	0.886292	580.836
0.321953	-0.682334	-0.656328	0.696234	0.640406	-0.324252	0.641564	-0.352564	0.681244	-246.115	9.28157	590.409
0.267223	-0.667758	-0.69476	0.729894	0.610989	-0.306506	0.629163	-0.425196	0.650663	-249.536	24.0369	590.128
0.202382	-0.610258	-0.765916	0.758466	0.592418	-0.271607	0.619492	-0.525953	0.582755	-246.199	41.1993	585.526
0.110553	-0.548547	-0.828779	0.821699	0.519547	-0.234266	0.559096	-0.655108	0.508178	-241.102	49.9007	587.545
0.0646483	-0.465584	-0.882639	0.850931	0.487757	-0.194961	0.521284	-0.738461	0.427712	-240.909	57.5868	585.49
0.00589851	-0.375294	-0.926887	0.905631	0.395043	-0.154189	0.424026	-0.838508	0.342208	-238.194	65.1879	591.216
-0.0126132	-0.276194	-0.961019	0.930425	0.348802	-0.112456	0.366265	-0.895575	0.252578	-228.168	75.6565	592.832
-0.0186786	-0.17356	-0.984646	0.952539	0.296192	-0.0702782	0.303842	-0.939227	0.15979	-217.667	80.9481	595.131
-0.0161735	-0.0688302	-0.997497	0.983804	0.177023	-0.0281666	0.178519	-0.981797	0.0648523	-204.84	88.144	610.717
0.011792	0.031829	-0.999424	0.998659	0.0500039	0.0133754	0.0504008	-0.998242	-0.0311967	-190.811	94.4124	616.102
0.0397481	0.0764915	-0.996278	0.996214	-0.0801839	0.0335892	-0.0773161	-0.993841	-0.0793891	-184.102	95.7256	634.158
0.0785129	0.11376	-0.990401	0.976201	-0.210229	0.0532397	-0.202155	-0.971011	-0.127559	-176.7	96.3821	646.673
0.117411	0.1492	-0.981812	0.957797	-0.278215	0.0722608	-0.262373	-0.94886	-0.175569	-165.656	96.8536	665.583
0.194233	0.21723	-0.9566	0.930491	-0.349549	0.109554	-0.31058	-0.911387	-0.270025	-144.959	96.4401	674.801
0.277556	0.273583	-0.920932	0.895305	-0.421305	0.144674	-0.348413	-0.86467	-0.361876	-123.408	94.3431	692.422
0.365285	0.317132	-0.875211	0.852145	-0.492375	0.177247	-0.374722	-0.810552	-0.450099	-105.195	90.8281	717.305
0.420488	0.320664	-0.848743	0.809362	-0.555326	0.19117	-0.410028	-0.767325	-0.493041	-86.9754	87.07	726.641
0.531907	0.307568	-0.788972	0.711194	-0.667992	0.219066	-0.459649	-0.677635	-0.57405	-67.5288	80.4497	747.293
0.603926	0.252938	-0.755841	0.6067	-0.76089	0.230133	-0.516903	-0.597552	-0.612978	-47.0477	76.0356	768.936
0.689885	0.238325	-0.683564	0.530085	-0.809386	0.252794	-0.49302	-0.536746	-0.684715	-27.6814	66.7491	796.593
0.76849	0.211389	-0.603936	0.447954	-0.851711	0.271893	-0.456903	-0.479482	-0.749224	-0.216148	55.6674	818.697
0.810207	0.167665	-0.561653	0.375589	-0.884151	0.277865	-0.449998	-0.436079	-0.779318	22.716	46.0737	835.952
0.84713	0.118957	-0.517899	0.300735	-0.910845	0.282701	-0.438097	-0.395235	-0.807379	46.2016	39.8268	847.264
0.90199	0.0675824	-0.426434	0.208876	-0.932704	0.293996	-0.377868	-0.354253	-0.855406	73.2296	25.3255	875.935
0.924005	-0.0508825	-0.378979	0.0688036	-0.952807	0.295678	-0.376139	-0.299283	-0.876897	96.6856	17.4262	887.895
0.943222	-0.176659	-0.281289	-0.0879929	-0.949478	0.301246	-0.320296	-0.25939	-0.911113	112.298	7.71669	906.768
0.94254	-0.241056	-0.231325	-0.166627	-0.939307	0.299895	-0.289577	-0.244118	-0.925501	124.765	-6.04854	927.633
0.934883	-0.305442	-0.180827	-0.244011	-0.923002	0.297532	-0.257783	-0.234034	-0.937431	146.369	-13.9843	948.087
0.894143	-0.428515	-0.129937	-0.377949	-0.87784	0.294197	-0.240132	-0.213944	-0.946871	166.97	-23.1339	963.7
0.87113	-0.490284	-0.0274513	-0.46231	-0.837704	0.290725	-0.165534	-0.240569	-0.956413	177.038	-34.6993	982.23
0.834685	-0.545076	-0.0786977	-0.505342	-0.814844	0.284005	-0.218931	-0.197286	-0.955588	184.911	-45.9196	978.603
0.7516	-0.646755	-0.129632	-0.59898	-0.751504	0.276522	-0.276261	-0.130188	-0.952224	200.282	-57.5853	978.264
0.654408	-0.734376	-0.180116	-0.685581	-0.676739	0.268334	-0.31895	-0.0521161	-0.946338	212.781	-62.174	980.73
0.545666	-0.805817	-0.230017	-0.763649	-0.591185	0.259501	-0.345092	0.0340512	-0.937951	224.195	-75.3313	975.978
0.428267	-0.859438	-0.279203	-0.831712	-0.495695	0.250084	-0.353331	0.125114	-0.927094	232.388	-81.1174	974.282
0.364179	-0.87183	-0.327547	-0.860341	-0.449603	0.240148	-0.356634	0.194345	-0.913806	235.142	-93.732	969.011
0.240291	-0.895372	-0.374926	-0.911608	-0.340856	0.229757	-0.333514	0.286577	-0.898133	235.518	-99.6191	963.509
0.176012	-0.889715	-0.421221	-0.932229	-0.288094	0.218977	-0.316179	0.354132	-0.880126	235.377	-105.484	959.713
0.0541759	-0.882957	-0.466317	-0.963463	-0.168901	0.207875	-0.262307	0.438018	-0.859846	233.764	-118.258	957.922
-0.062737	-0.85782	-0.510107	-0.979457	-0.045227	0.196517	-0.191647	0.511956	-0.83736	230.62	-130.662	955.43
-0.11654	-0.825336	-0.552485	-0.982631	0.0149309	0.184969	-0.144413	0.564445	-0.81274	225.971	-136.047	950.159
-0.218626	-0.774683	-0.593354	-0.974536	0.142293	0.173297	-0.0498206	0.616132	-0.786066	219.837	-147.437	943.828
-0.308766	-0.710249	-0.632622	-0.949526	0.268879	0.161566	0.0553467	0.650577	-0.757421	208.268	-158.307	938.386
-0.367284	-0.605368	-0.706139	-0.911295	0.386143	0.142954	0.186131	0.696005	-0.693493	193.794	-162.227	927.898
-0.423206	-0.522458	-0.740226	-0.853027	0.505109	0.131188	0.305355	0.686952	-0.659436	177.737	-167.111	922.435
-0.434632	-0.408375	-0.802698	-0.782651	0.612248	0.112294	0.445593	0.677039	-0.585718	153.598	-170.887	910.743
-0.430381	-0.35254	-0.830956	-0.739784	0.665231	0.10093	0.517196	0.658167	-0.547106	140.412	-174.728	903.951
-0.402915	-0.247121	-0.881244	-0.645893	0.75896	0.0824802	0.648446	0.602421	-0.46541	119.948	-180.737	893.23
-0.393022	-0.172611	-0.903183	-0.534979	0.841799	0.0719176	0.747884	0.511449	-0.423189	104.894	-184.525	888.486
-0.319781	-0.115123	-0.940472	-0.476385	0.877542	0.0545619	0.819022	0.465474	-0.335464	82.4206	-188.704	878.694
-0.287733	-0.060977	-0.955767	-0.348377	0.936267	0.0451456	0.892101	0.345957	-0.290638	56.1294	-192.258	869.722
-0.247249	-0.0178126	-0.968788	-0.212555	0.976475	0.0362933	0.945351	0.214895	-0.245218	39.4211	-193.826	862.506
-0.153903	0.0100446	-0.988035	-0.0728374	0.997112	0.0214826	0.985398	0.0752722	-0.152727	5.4767	-194.89	853.888
-0.106076	0.014279	-0.994256	0.00203845	0.999898	0.0141425	0.994356	-0.000526562	-0.106094	-11.6026	-195.009	849.491
-0.057625	0.0160252	-0.99821	0.145668	0.989305	0.00747308	0.987654	-0.144976	-0.0593431	-38.542	-195.975	845.756
-0.0116368	0.00504162	-0.99992	0.286765	0.958	0.00149295	0.95793	-0.286725	-0.0125938	-55.3457	-195.381	838.432
0.0292571	-0.0178005	-0.999413	0.422272	0.906461	-0.00378324	0.905997	-0.421914	0.0340371	-72.7517	-192.935	831.045
0.0986325	-0.0804944	-0.991863	0.549602	0.835323	-0.0131371	0.829583	-0.543835	0.12663	-96.6806	-192.219	820.584
0.117868	-0.126962	-0.98488	0.66524	0.746445	-0.0166108	0.737268	-0.653223	0.172441	-120.468	-187.451	817.418
0.137289	-0.170057	-0.975824	0.72075	0.692925	-0.0193538	0.679464	-0.700668	0.2177	-136.069	-185.487	806.073
0.150768	-0.215703	-0.964749	0.772048	0.635205	-0.0213689	0.617423	-0.741611	0.262301	-150.808	-182.232	798.9
0.139466	-0.273477	-0.951714	0.856496	0.515656	-0.0226626	0.496955	-0.811978	0.306148	-170.805	-174.144	796.161
0.128194	-0.370581	-0.919911	0.922987	0.383947	-0.0260486	0.36285	-0.845727	0.391261	-189.817	-165.209	796.33
0.112943	-0.418312	-0.901254	0.949882	0.311561	-0.0255718	0.291492	-0.853197	0.432535	-200.348	-155.149	784.159
0.0914025	-0.464425	-0.880883	0.971096	0.237437	-0.0244197	0.220495	-0.85319	0.472704	-213.802	-143.927	777.358
0.0304854	-0.549177	-0.83515	0.995445	0.0921876	-0.024284	0.0903267	-0.830606	0.549486	-227.572	-132.168	778.886
-0.0518738	-0.619728	-0.783101	0.998241	-0.054717	-0.0228232	-0.0287048	-0.782907	0.621476	-240.13	-119.771	776.451
-0.0999718	-0.648152	-0.75492	0.991255	-0.130559	-0.0191751	-0.086133	-0.750235	0.655537	-245.346	-106.578	764.037
-0.2072	-0.688891	-0.69462	0.961751	-0.273479	-0.0156608	-0.179175	-0.671297	0.719206	-253.178	-100.385	768.184
-0.324901	-0.705866	-0.629438	0.912061	-0.409904	-0.0111084	-0.250168	-0.577695	0.776971	-257.546	-93.9286	767.297
-0.434052	-0.676212	-0.595262	0.843722	-0.536752	-0.00547816	-0.315804	-0.504614	0.803513	-255.244	-79.7438	754.956
-0.539937	-0.628189	-0.56022	0.758125	-0.652108	0.000548404	-0.365669	-0.424421	0.828344	-254.748	-72.344	749.363
-0.598634	-0.605508	-0.524402	0.708107	-0.706071	0.00693239	-0.374463	-0.367183	0.851443	-247.677	-64.782	737.887
-0.709819	-0.541469	-0.450519	0.600838	-0.799249	0.0139443	-0.367627	-0.260791	0.892658	-247.738	-57.0301	743.984
-0.77479	-0.509741	-0.373985	0.542264	-0.839935	0.0214168	-0.32504	-0.186205	0.927188	-245.967	-42.6781	750.473
-0.851516	-0.403363	-0.334989	0.418646	-0.907693	0.0287942	-0.315682	-0.115723	0.941782	-240.462	-28.6661	745.331
-0.900361	-0.35192	-0.255935	0.354719	-0.93425	0.036753	-0.252042	-0.0576942	0.965995	-227.372	-13.8357	739.22
-0.931962	-0.291166	-0.216032	0.288524	-0.956443	0.0443952	-0.219548	-0.0209557	0.975377	-219.893	-7.21025	740.222
-0.963955	-0.228769	-0.135847	0.223593	-0.973272	0.0524163	-0.144208	0.0201524	0.989342	-212.668	0.506482	741.34
-0.985195	-0.162229	-0.0554225	0.158884	-0.985458	0.060238	-0.0643889	0.0505404	0.996644	-203.296	8.05118	735.765
-0.995525	-0.0932431	-0.0153765	0.0920029	-0.993453	0.0677312	-0.0215912	0.0660134	0.997585	-183.684	20.5243	724.342
-0.997669	-0.0235264	-0.0640489	0.0186975	-0.99701	0.0749759	-0.0656213	0.0736036	0.995126	-173.396	30.2237	711.339
-0.983154	0.114602	-0.142391	-0.127055	-0.988528	0.0816609	-0.131399	0.0983768	0.986436	-162.216	33.8428	689.138
-0.966562	0.18173	-0.18092	-0.200008	-0.975801	0.088369	-0.160483	0.1216	0.97952	-150.474	41.4748	677.88
-0.944052	0.246738	-0.218831	-0.272244	-0.957545	0.0948234	-0.186144	0.149094	0.971144	-138.796	44.3432	656.68
-0.915923	0.309052	-0.256071	-0.343312	-0.933775	0.100997	-0.207899	0.180418	0.961367	-127.323	47.2915	641.176
-0.844174	0.423476	-0.328691	-0.478414	-0.871768	0.105547	-0.241846	0.24635	0.938521	-105.813	48.8926	615.078
-0.754563	0.521183	-0.398751	-0.603325	-0.789993	0.109132	-0.258133	0.322924	0.910542	-85.7243	49.6819	595.165
-0.663394	0.610524	-0.43263	-0.711942	-0.692957	0.113795	-0.230319	0.383498	0.894361	-76.1264	50.2844	585.676
-0.607883	0.643205	-0.465581	-0.762946	-0.63559	0.118062	-0.21998	0.426981	0.877095	-59.9099	50.4625	576.428
-0.55047	0.670375	-0.497574	-0.809546	-0.574257	0.121918	-0.204005	0.469921	0.858811	-46.1048	49.344	563.002
-0.491743	0.691945	-0.528584	-0.851405	-0.50931	0.125351	-0.182478	0.51168	0.839575	-34.0648	46.9736	550.118
-0.421611	0.690393	-0.58788	-0.890577	-0.437269	0.125178	-0.170639	0.576328	0.799205	-23.942	43.7353	533.537
-0.362788	0.699132	-0.616116	-0.921829	-0.366053	0.127426	-0.136443	0.614182	0.777279	-18.1859	38.7721	518.331
-0.304574	0.702438	-0.643285	-0.947497	-0.292493	0.129219	-0.0973882	0.648868	0.754643	-13.4072	35.0098	510.954
-0.191967	0.693243	-0.694667	-0.981313	-0.14507	0.126407	-0.013144	0.705952	0.708137	-5.56046	26.9643	499.84
-0.138581	0.681209	-0.718853	-0.989619	-0.0673428	0.126964	0.0380792	0.728985	0.68347	-3.41861	18.439	489.967
-0.0414771	0.669192	-0.741931	-0.988697	0.0795872	0.127057	0.144074	0.738815	0.658328	-3.40157	8.1758	484.01
0.00461114	0.61945	-0.785022	-0.979366	0.161409	0.121613	0.202043	0.768263	0.607413	1.32838	-3.08377	474.722
0.0454769	0.591493	-0.805027	-0.963747	0.23807	0.120479	0.262915	0.770363	0.580876	-2.66495	-10.4007	469.797
0.0824261	0.560674	-0.823924	-0.942204	0.313235	0.118895	0.324744	0.766504	0.554088	-9.04211	-18.2231	462.657
0.143767	0.49198	-0.858654	-0.884963	0.452249	0.110952	0.442912	0.743926	0.500403	-12.7	-27.0447	455.31
0.187407	0.416837	-0.889452	-0.807714	0.580692	0.101953	0.558996	0.699316	0.445511	-18.5211	-36.195	447.514
0.2129	0.339135	-0.91633	-0.71243	0.695693	0.0919515	0.668668	0.633245	0.389723	-25.8233	-51.2224	441.806
0.201977	0.277274	-0.939321	-0.654832	0.751421	0.0810035	0.728286	0.598737	0.333337	-25.4253	-60.8151	436.999
0.197962	0.205242	-0.958481	-0.536847	0.840839	0.0691723	0.820126	0.500864	0.276638	-34.3274	-70.519	433.241
0.190131	0.171745	-0.96662	-0.470631	0.880022	0.0637875	0.861602	0.442793	0.248148	-39.2527	-79.9892	431.997
0.164155	0.111622	-0.980099	-0.336767	0.940223	0.0506765	0.927168	0.321746	0.191933	-50.8212	-96.2357	429.888
0.126322	0.0625637	-0.990014	-0.196338	0.979843	0.036869	0.972365	0.18972	0.136059	-61.9238	-105.896	429.701
0.10663	0.035659	-0.993659	-0.0532627	0.998127	0.0301036	0.992871	0.049715	0.10833	-78.6169	-122.765	431.825
0.0541932	0.0140833	-0.998431	0.022756	0.999623	0.0153352	0.998271	-0.0235514	0.0538523	-91.1063	-138.811	434.681
0.00025114	4.72218e-05	-1	0.0977209	0.995214	7.15374e-05	0.995214	-0.097721	0.000245323	-93.5668	-147.171	438.884
-0.0269925	-0.00318818	-0.999631	0.171467	0.985159	-0.00777206	0.98482	-0.171614	-0.0260452	-99.9842	-155.835	444.24
-0.0541387	0.0010188	-0.998533	0.309396	0.950802	-0.0158048	0.949391	-0.309798	-0.0517904	-115.291	-164.161	448.596
-0.105769	0.0165268	-0.994253	0.439864	0.897498	-0.0318744	0.891814	-0.440708	-0.102197	-116.917	-178.813	456.217
-0.129661	0.0294017	-0.991122	0.504108	0.862697	-0.0403564	0.853852	-0.504865	-0.126679	-129.373	-192.634	461.979
-0.175857	0.052644	-0.983007	0.563963	0.823846	-0.0567708	0.806858	-0.564363	-0.174568	-129.261	-205.555	465.632
-0.217998	0.0817163	-0.972522	0.619918	0.781234	-0.0733156	0.753776	-0.618866	-0.220965	-135.801	-217.598	476.072
-0.255468	0.11602	-0.959831	0.671779	0.735273	-0.0899239	0.695305	-0.667767	-0.265778	-134.889	-223.244	484.368
-0.276633	0.173965	-0.945098	0.764083	0.636261	-0.106532	0.582796	-0.751604	-0.308935	-137.753	-232.992	493.833
-0.284937	0.238162	-0.928488	0.841184	0.526556	-0.123081	0.459588	-0.816099	-0.350374	-139.049	-237.446	504.031
-0.283844	0.271685	-0.919576	0.8748	0.466063	-0.132326	0.392629	-0.842005	-0.36996	-141.527	-241.738	509.571
-0.257927	0.323606	-0.910359	0.928914	0.342173	-0.141551	0.265693	-0.882155	-0.388858	-141.941	-244.809	523.835
-0.222748	0.372578	-0.900871	0.96542	0.212701	-0.150741	0.135454	-0.903296	-0.407073	-139.383	-250.8	529.969
-0.186425	0.434844	-0.880997	0.982469	0.0834282	-0.166719	0.00100335	-0.896633	-0.442774	-132.653	-254.237	546.932
-0.163221	0.464018	-0.870659	0.984288	0.0163441	-0.175812	-0.0673497	-0.885675	-0.459395	-128.295	-256.048	558.279
-0.136821	0.491322	-0.860164	0.981486	-0.0502511	-0.184822	-0.134031	-0.869527	-0.47535	-122.948	-258.297	570.372
-0.0728738	0.522456	-0.849547	0.964301	-0.180526	-0.193738	-0.254585	-0.833337	-0.490649	-112.32	-257.839	577.732
-0.0404878	0.559574	-0.827791	0.948013	-0.240205	-0.208743	-0.315646	-0.793208	-0.520758	-102.601	-255.923	596.91
0.0347178	0.576025	-0.816694	0.90611	-0.362888	-0.217431	-0.421614	-0.732466	-0.534541	-94.5556	-253.314	609.56
0.0765253	0.602862	-0.794167	0.878899	-0.416906	-0.231788	-0.470829	-0.680255	-0.561759	-76.0421	-249.789	624.743
0.158831	0.601694	-0.782775	0.814845	-0.527575	-0.240192	-0.557495	-0.59969	-0.574083	-58.2782	-245.651	644.312
0.202483	0.603242	-0.771427	0.77693	-0.578494	-0.248444	-0.596137	-0.549039	-0.585813	-39.1441	-242.906	657.609
0.251716	0.61334	-0.748634	0.737739	-0.622272	-0.261762	-0.626403	-0.486407	-0.60912	-17.8583	-238.882	678.463
0.296849	0.606943	-0.737225	0.694384	-0.667166	-0.269666	-0.655524	-0.431867	-0.619499	-5.81131	-231.21	692.962
0.347749	0.607137	-0.714462	0.650804	-0.704851	-0.282204	-0.674925	-0.366839	-0.640238	8.32443	-221.037	714.121
0.398984	0.602041	-0.691635	0.605549	-0.739394	-0.29429	-0.688566	-0.301402	-0.659571	31.3363	-209.915	736.361
0.487472	0.561273	-0.668838	0.507635	-0.805432	-0.305917	-0.710406	-0.1904	-0.677548	45.4081	-203.156	758.651
0.570691	0.506746	-0.646158	0.403219	-0.858414	-0.317081	-0.71535	-0.0795879	-0.694219	68.3693	-190.823	768.924
0.6465	0.43939	-0.623678	0.294004	-0.897843	-0.327781	-0.703989	0.028546	-0.709637	91.7591	-183.736	785.126
0.68827	0.405601	-0.601475	0.240771	-0.909821	-0.338017	-0.684335	0.0878288	-0.723859	113.715	-169.69	801.206
0.727157	0.367806	-0.579621	0.187435	-0.918645	-0.347793	-0.660386	0.144259	-0.736939	126.11	-155.15	811.195
0.782168	0.276847	-0.558183	0.0747019	-0.931069	-0.357113	-0.618573	0.237625	-0.748934	137.781	-147.173	820.111
0.824476	0.177854	-0.537222	-0.0378872	-0.92985	-0.365984	-0.564628	0.322099	-0.7599	148.181	-131.945	835.538
0.84676	0.0722474	-0.527047	-0.153214	-0.915635	-0.37167	-0.509435	0.395466	-0.764253	157.138	-116.903	843.563
0.860986	-0.0360504	-0.50735	-0.260936	-0.887525	-0.379752	-0.436595	0.459347	-0.773553	165.846	-101.409	863.173
0.862479	-0.0910101	-0.497843	-0.313818	-0.867923	-0.385003	-0.39705	0.488289	-0.777126	172.828	-86.5652	881.738
0.849204	-0.200007	-0.488723	-0.417744	-0.820578	-0.390054	-0.323022	0.535396	-0.780389	183.874	-79.3193	899.787
0.826374	-0.308298	-0.47123	-0.510867	-0.76248	-0.397038	-0.236898	0.568838	-0.787593	193.494	-64.1839	907.989
0.813432	-0.363027	-0.454466	-0.551358	-0.730128	-0.403631	-0.18529	0.5789	-0.794067	197.656	-49.3548	915.412
0.792746	-0.414976	-0.446484	-0.593125	-0.694052	-0.408038	-0.140557	0.588292	-0.796339	199.922	-34.6062	921.824
0.768576	-0.465435	-0.438931	-0.632524	-0.655715	-0.412251	-0.0959376	0.594481	-0.798366	202.435	-21.1969	937.359
0.741061	-0.514166	-0.431813	-0.669448	-0.615271	-0.416271	-0.0516495	0.597558	-0.80016	202.193	-8.34315	942.937
0.710352	-0.560944	-0.425136	-0.703802	-0.572871	-0.420098	-0.00789666	0.597629	-0.801734	200.709	-2.58108	952.587
0.676617	-0.605562	-0.418908	-0.735496	-0.528672	-0.423734	0.0351325	0.594811	-0.803097	198.011	8.92626	965.817
0.599077	-0.685878	-0.413133	-0.792639	-0.435017	-0.427182	0.113275	0.58338	-0.804262	190.746	20.6467	970.565
0.558922	-0.724991	-0.402485	-0.814292	-0.388187	-0.431555	0.156634	0.568946	-0.80732	186.117	31.8768	979.137
0.514911	-0.759452	-0.397618	-0.834644	-0.338342	-0.43462	0.195542	0.55566	-0.808088	175.663	40.8531	986.359
0.468835	-0.790931	-0.393219	-0.852009	-0.287533	-0.4375	0.232969	0.540142	-0.808686	162.382	49.7564	996.539
0.421678	-0.820785	-0.385357	-0.865492	-0.237603	-0.440987	0.270393	0.519478	-0.810574	154.77	57.8699	1000.56
0.320924	-0.868214	-0.378435	-0.885883	-0.133847	-0.44418	0.334991	0.477797	-0.812091	139.505	61.5402	1006.84
0.215193	-0.902754	-0.37246	-0.894031	-0.0286532	-0.447088	0.392938	0.429201	-0.813256	121.923	64.5787	1011.76
0.106194	-0.923963	-0.367443	-0.889884	0.0765658	-0.449715	0.443653	0.374739	-0.81409	104.183	66.9648	1014.57
0.0510627	-0.929442	-0.365417	-0.882793	0.129082	-0.45168	0.466979	0.345652	-0.813913	93.9726	68.5347	1019.53
-0.00411551	-0.932038	-0.362336	-0.872702	0.180256	-0.453761	0.488236	0.314344	-0.814134	84.4034	69.5711	1021.51
-0.0591459	-0.930579	-0.361282	-0.859696	0.231431	-0.455371	0.50737	0.28366	-0.813703	73.7835	69.9049	1025.41
-0.113789	-0.925929	-0.36015	-0.843823	0.281419	-0.45691	0.524419	0.251912	-0.813342	53.8493	69.2144	1026.54
-0.16779	-0.917742	-0.359995	-0.8251	0.330578	-0.458179	0.539496	0.220154	-0.812697	43.3608	68.1834	1028.54
-0.22094	-0.906253	-0.360405	-0.803606	0.378555	-0.459254	0.552633	0.188156	-0.811907	33.5786	64.9135	1028.88
-0.324175	-0.873911	-0.362203	-0.753293	0.470075	-0.459977	0.572242	0.123731	-0.810697	24.0182	60.617	1027.77
-0.422292	-0.829737	-0.364974	-0.692737	0.555091	-0.460423	0.584623	0.0583981	-0.8092	14.8191	55.1913	1027.19
-0.513925	-0.774552	-0.368714	-0.622771	0.63247	-0.460584	0.589948	-0.00708124	-0.80741	6.00079	48.6688	1025.08
-0.598454	-0.710043	-0.371068	-0.54509	0.700304	-0.460925	0.587137	-0.0735764	-0.806137	-2.01079	40.6506	1022.25
-0.637142	-0.673977	-0.373905	-0.50283	0.731142	-0.461078	0.584134	-0.105761	-0.804738	-9.32008	36.6849	1017.54
-0.708307	-0.596661	-0.377222	-0.41513	0.784288	-0.461041	0.570936	-0.169962	-0.803209	-15.5592	26.586	1014.81
-0.769717	-0.512212	-0.381017	-0.322192	0.826949	-0.460811	0.551115	-0.231934	-0.801548	-26.6315	15.5456	1011.78
-0.794187	-0.466388	-0.389549	-0.27128	0.845738	-0.459493	0.543759	-0.259247	-0.798196	-36.0743	3.31958	1007.89
-0.815392	-0.419441	-0.399004	-0.219169	0.861596	-0.45784	0.535817	-0.28587	-0.794467	-39.5043	-2.6103	1004.39
-0.85263	-0.324716	-0.409368	-0.117164	0.882318	-0.455838	0.50921	-0.340698	-0.790335	-44.2278	-9.89804	995.351
-0.866853	-0.276294	-0.415003	-0.0653849	0.888209	-0.454763	0.494258	-0.367078	-0.788012	-47.1695	-17.1165	985.57
-0.889212	-0.178835	-0.421094	0.0356429	0.890555	-0.453477	0.456105	-0.418246	-0.785518	-47.0745	-24.6065	981.688
-0.897277	-0.0800295	-0.434154	0.139281	0.881886	-0.450419	0.418921	-0.46462	-0.78015	-46.1259	-31.8304	969.947
-0.897272	0.0179249	-0.441115	0.237785	0.861482	-0.448672	0.37197	-0.507471	-0.777246	-42.5625	-46.1326	957.979
-0.882724	0.113898	-0.455879	0.336811	0.829868	-0.444834	0.327654	-0.54621	-0.770907	-40.5649	-54.686	948.212
-0.861431	0.207232	-0.463673	0.42782	0.788083	-0.442601	0.273691	-0.579639	-0.767536	-31.8836	-70.2489	934.939
-0.84493	0.251827	-0.471885	0.473248	0.763099	-0.440133	0.249258	-0.595201	-0.763942	-22.2812	-78.3274	921.059
-0.825922	0.294897	-0.480509	0.517159	0.735666	-0.437426	0.224498	-0.609779	-0.760112	-10.8865	-85.6978	906.493
-0.785591	0.378421	-0.489534	0.596019	0.675272	-0.434475	0.166154	-0.633091	-0.756034	-4.74397	-100.954	900.627
-0.732251	0.453243	-0.508311	0.671599	0.604393	-0.42856	0.112978	-0.655194	-0.746965	2.1831	-109.456	893.614
-0.697866	0.484248	-0.527718	0.710173	0.563451	-0.42211	0.0929371	-0.669348	-0.737113	8.74046	-124.359	875.988
-0.634093	0.54584	-0.547709	0.772384	0.480739	-0.415106	0.0367236	-0.686257	-0.726431	15.7122	-132.451	857.807
-0.600067	0.573186	-0.558012	0.799905	0.437324	-0.410975	0.00846735	-0.692969	-0.720918	33.3636	-139.502	840.446
-0.528544	0.620629	-0.57919	0.847441	0.345683	-0.402922	-0.0498489	-0.703792	-0.708655	41.4157	-146.995	821.922
-0.491378	0.64062	-0.590045	0.867362	0.298546	-0.398187	-0.0789315	-0.707444	-0.702349	50.6033	-158.925	814.877
-0.448739	0.650999	-0.612236	0.887753	0.24607	-0.38903	-0.102605	-0.718087	-0.688348	58.0937	-165.636	794.885
-0.410647	0.665247	-0.62355	0.902155	0.197266	-0.383669	-0.132229	-0.720092	-0.681163	76.6982	-171.06	776.036
-0.367662	0.668424	-0.646556	0.916597	0.14303	-0.373353	-0.157082	-0.729899	-0.665262	83.7882	-176.827	762.165
-0.291376	0.683051	-0.669733	0.931095	0.0418898	-0.362363	-0.219457	-0.729169	-0.648191	99.8324	-186.329	747.243
-0.215941	0.687842	-0.692995	0.934575	-0.0599115	-0.350685	-0.282734	-0.723383	-0.629903	105.604	-194.104	727.224
-0.142634	0.683108	-0.716253	0.927136	-0.161138	-0.33831	-0.346518	-0.712318	-0.61035	119.2	-198.942	707.122
-0.0726714	0.669322	-0.73941	0.909019	-0.260593	-0.325232	-0.41037	-0.695773	-0.589488	131.24	-203.227	686.984
-0.0385727	0.645997	-0.762365	0.896888	-0.313996	-0.311446	-0.440573	-0.695769	-0.567275	142.021	-207.346	666.859
-0.00726117	0.633376	-0.77381	0.881816	-0.360844	-0.303631	-0.471538	-0.684563	-0.555901	153.064	-209.618	647.278
0.0219861	0.604171	-0.796551	0.864301	-0.411943	-0.288596	-0.502495	-0.682115	-0.531243	159.389	-212.087	626.287
0.0480948	0.57209	-0.818779	0.84415	-0.461478	-0.272855	-0.533946	-0.678049	-0.505125	158.766	-212.886	612.335
0.0729273	0.553379	-0.829731	0.822178	-0.504279	-0.264059	-0.56454	-0.662929	-0.491751	160.093	-212.078	593.182
0.116915	0.511639	-0.851209	0.770788	-0.587222	-0.247095	-0.626272	-0.627213	-0.46302	160.425	-210.754	585.264
0.158456	0.482054	-0.861693	0.713258	-0.659363	-0.237704	-0.682755	-0.576944	-0.448309	160.978	-207.397	572.328
0.194999	0.448877	-0.872058	0.649607	-0.725259	-0.228058	-0.734838	-0.522024	-0.433018	157.767	-201.895	554.748
0.217173	0.396256	-0.892086	0.578372	-0.788436	-0.209415	-0.786335	-0.470478	-0.40041	149.87	-200.277	547.101
0.214545	0.352483	-0.910893	0.539874	-0.819988	-0.190148	-0.813945	-0.450972	-0.36622	140.514	-193.877	539.068
0.233297	0.315387	-0.919839	0.464063	-0.867383	-0.179702	-0.854528	-0.38494	-0.348717	134.644	-190.232	527.275
0.220602	0.271914	-0.936695	0.42276	-0.892112	-0.159407	-0.878981	-0.360832	-0.311756	123.508	-180.9	515.145
0.217971	0.245566	-0.944556	0.383354	-0.91158	-0.148528	-0.897512	-0.329725	-0.292837	115.376	-176.011	499.571
